
2018   1  0 48 50.688  3.9547e+02  0
2018   1  2 48 51.264  4.2379e+02  0
2018   1  4 48 51.840  4.7533e+02  0
2018   1  6 48 53.280  4.7158e+02  0
2018   1  8 48 53.856  4.5844e+02  0
2018   1 10 48 55.296  4.5281e+02  0
2018   1 12 48 55.008  4.6830e+02  0
2018   1 14 48 55.584  4.8210e+02  0
2018   1 16 48 57.024  4.6802e+02  0
2018   1 18 48 57.600  4.5225e+02  0
2018   1 20 48 59.040  4.3436e+02  0
2018   1 22 48 58.752  4.3348e+02  0
2018   2  0 49  0.192  4.1924e+02  0
2018   2  2 49  0.768  4.1645e+02  0
2018   2  4 49  2.208  4.2028e+02  0
2018   2  6 49  1.920  4.1454e+02  0
2018   2  8 49  3.360  4.3231e+02  0
2018   2 10 49  3.936  4.4832e+02  0
2018   2 12 49  5.376  4.3176e+02  0
2018   2 14 49  5.952  4.2357e+02  0
2018   2 16 49  5.664  4.1753e+02  0
2018   2 18 49  7.104  4.0944e+02  0
2018   2 20 49  7.680  4.0522e+02  0
2018   2 22 49  9.120  3.8991e+02  0
2018   3  0 49  9.696  3.8460e+02  0
2018   3  2 49 10.272  3.7345e+02  0
2018   3  4 49 10.848  3.6346e+02  0
2018   3  6 49 12.288  3.6845e+02  0
2018   3  8 49 12.864  3.6702e+02  0
2018   3 10 49 14.304  3.6624e+02  0
2018   3 12 49 14.016  3.6549e+02  0
2018   3 14 49 14.592  3.5727e+02  0
2018   3 16 49 16.032  3.5713e+02  0
2018   3 18 49 16.608  3.5390e+02  0
2018   3 20 49 18.048  3.5588e+02  0
2018   3 22 49 17.760  3.6395e+02  0
2018   4  0 49 19.200  3.6720e+02  0
2018   4  2 49 19.776  3.7155e+02  0
2018   4  4 49 21.216  3.7558e+02  0
2018   4  6 49 20.928  3.7833e+02  0
2018   4  8 49 22.368  3.6618e+02  0
2018   4 10 49 22.944  3.6077e+02  0
2018   4 12 49 24.384  3.5522e+02  0
2018   4 14 49 24.960  3.7984e+02  0
2018   4 16 49 24.672  3.8889e+02  0
2018   4 18 49 26.112  3.8529e+02  0
2018   4 20 49 28.416  3.8196e+02  0
2018   4 22 49 28.992  3.6956e+02  0
2018   5  0 49 30.432  3.7839e+02  0
2018   5  2 49 31.008  3.6913e+02  0
2018   5  4 49 31.584  3.6974e+02  0
2018   5  6 49 33.024  3.6073e+02  0
2018   5  8 49 33.600  3.5715e+02  0
2018   5 10 49 35.040  3.5625e+02  0
2018   5 12 49 35.616  3.5028e+02  0
2018   5 14 49 37.056  3.4354e+02  0
2018   5 16 49 37.632  3.3817e+02  0
2018   5 18 49 39.072  3.3493e+02  0
2018   5 20 49 39.648  3.2792e+02  0
2018   5 22 49 41.088  3.2190e+02  0
2018   6  0 49 41.664  3.0850e+02  0
2018   6  2 49 43.104  3.0868e+02  0
2018   6  4 49 43.680  3.0910e+02  0
2018   6  6 49 45.120  3.1137e+02  0
2018   6  8 49 45.696  3.0482e+02  0
2018   6 10 49 47.136  3.0587e+02  0
2018   6 12 49 47.712  3.0302e+02  0
2018   6 14 49 49.152  2.9846e+02  0
2018   6 16 49 49.728  2.9982e+02  0
2018   6 18 49 51.168  2.9744e+02  0
2018   6 20 49 51.744  2.9593e+02  0
2018   6 22 49 53.184  2.9384e+02  0
2018   7  0 49 53.760  2.9183e+02  0
2018   7  2 49 55.200  2.8903e+02  0
2018   7  4 49 55.776  2.9013e+02  0
2018   7  6 49 57.216  2.8920e+02  0
2018   7  8 49 57.792  2.8941e+02  0
2018   7 10 49 59.232  2.8929e+02  0
2018   7 12 49 59.808  2.8862e+02  0
2018   7 14 50  1.248  2.9307e+02  0
2018   7 16 50  1.824  2.9724e+02  0
2018   7 18 50  3.264  2.9646e+02  0
2018   7 20 50  3.840  3.0024e+02  0
2018   7 22 50  5.280  2.9569e+02  0
2018   8  0 50  5.856  2.9735e+02  0
2018   8  2 50  7.296  3.0394e+02  0
2018   8  4 50  7.872 -9.9999e+03  0
2018   8  6 50  9.312  3.5414e+02  0
2018   8  8 50  9.888  3.7110e+02  0
2018   8 10 50 11.328  3.7764e+02  0
2018   8 12 50 11.904  4.4965e+02  0
2018   8 14 50 13.344  4.9066e+02  0
2018   8 16 50 13.920  5.3065e+02  0
2018   8 18 50 15.360  5.4544e+02  0
2018   8 20 50 15.936  5.3339e+02  0
2018   8 22 50 17.376  5.3421e+02  0
2018   9  0 50 17.952  5.6400e+02  0
2018   9  2 50 19.392  5.5387e+02  0
2018   9  4 50 19.968  5.3782e+02  0
2018   9  6 50 21.408  5.3121e+02  0
2018   9  8 50 21.984  5.1554e+02  0
2018   9 10 50 23.424  5.0812e+02  0
2018   9 12 50 24.000  5.0669e+02  0
2018   9 14 50 24.576  4.9658e+02  0
2018   9 16 50 26.016  4.8921e+02  0
2018   9 18 50 26.592  4.7997e+02  0
2018   9 20 50 28.032  4.7364e+02  0
2018   9 22 50 30.336  4.6268e+02  0
2018  10  0 50 30.912  4.6360e+02  0
2018  10  2 50 32.352  4.5526e+02  0
2018  10  4 50 32.928  4.5284e+02  0
2018  10  6 50 35.232  4.4593e+02  0
2018  10  8 50 35.808  4.4569e+02  0
2018  10 10 50 37.248  4.4483e+02  0
2018  10 12 50 37.824  4.4043e+02  0
2018  10 14 50 40.128  4.2907e+02  0
2018  10 16 50 40.704  4.2134e+02  0
2018  10 18 50 42.144  4.1235e+02  0
2018  10 20 50 42.720  4.0641e+02  0
2018  10 22 50 45.024  4.0702e+02  0
2018  11  0 50 45.600  4.0761e+02  0
2018  11  2 50 47.040  4.0294e+02  0
2018  11  4 50 47.616  3.9659e+02  0
2018  11  6 50 49.920  3.7731e+02  0
2018  11  8 50 51.360  3.7866e+02  0
2018  11 10 50 51.936  3.9053e+02  0
2018  11 12 50 54.240  3.7670e+02  0
2018  11 14 50 54.816  3.6268e+02  0
2018  11 16 50 56.256  3.6445e+02  0
2018  11 18 50 56.832  3.5964e+02  0
2018  11 20 50 59.136  3.6078e+02  0
2018  11 22 50 59.712  3.5741e+02  0
2018  12  0 51  1.152  3.4787e+02  0
2018  12  2 51  1.728  3.4150e+02  0
2018  12  4 51  4.032  3.3987e+02  0
2018  12  6 51  4.608  3.4333e+02  0
2018  12  8 51  6.048  3.4177e+02  0
2018  12 10 51  8.352  3.3892e+02  0
2018  12 12 51  8.928  3.3919e+02  0
2018  12 14 51 10.368  3.4441e+02  0
2018  12 16 51 10.944  3.3777e+02  0
2018  12 18 51 13.248  3.3474e+02  0
2018  12 20 51 13.824  3.2223e+02  0
2018  12 22 51 15.264  3.1859e+02  0
2018  13  0 51 15.840  3.1807e+02  0
2018  13  2 51 18.144  3.2775e+02  0
2018  13  4 51 18.720  3.2902e+02  0
2018  13  6 51 20.160  3.3141e+02  0
2018  13  8 51 20.736  3.3298e+02  0
2018  13 10 51 23.040  3.2282e+02  0
2018  13 12 51 23.616  3.3539e+02  0
2018  13 14 51 25.056  3.3996e+02  0
2018  13 16 51 25.632  3.5904e+02  0
2018  13 18 51 27.936  4.4517e+02  0
2018  13 20 51 29.376  5.4704e+02  0
2018  13 22 51 29.952  6.1118e+02  0
2018  14  0 51 31.392  6.1203e+02  0
2018  14  2 51 32.832  6.0844e+02  0
2018  14  4 51 34.272  6.0507e+02  0
2018  14  6 51 34.848  6.0520e+02  0
2018  14  8 51 37.152  6.0537e+02  0
2018  14 10 51 37.728  6.1308e+02  0
2018  14 12 51 39.168  5.9829e+02  0
2018  14 14 51 39.744  5.7382e+02  0
2018  14 16 51 42.048  5.5969e+02  0
2018  14 18 51 42.624  5.4903e+02  0
2018  14 20 51 44.064  5.2552e+02  0
2018  14 22 51 44.640  4.9886e+02  0
2018  15  0 51 46.944  5.0407e+02  0
2018  15  2 51 48.384  5.1237e+02  0
2018  15  4 51 48.960  5.1124e+02  0
2018  15  6 51 50.400  5.1381e+02  0
2018  15  8 51 51.840  5.0540e+02  0
2018  15 10 51 53.280  4.9545e+02  0
2018  15 12 51 53.856  4.8664e+02  0
2018  15 14 51 55.296  4.9938e+02  0
2018  15 16 51 56.736  4.8290e+02  0
2018  15 18 51 58.176  4.8410e+02  0
2018  15 20 51 58.752  4.7967e+02  0
2018  15 22 52  0.192  4.7103e+02  0
2018  16  0 52  1.632  4.6065e+02  0
2018  16  2 52  3.072  4.6529e+02  0
2018  16  4 52  3.648  4.5489e+02  0
2018  16  6 52  5.088  4.4271e+02  0
2018  16  8 52  7.392  4.3794e+02  0
2018  16 10 52  7.968  4.2935e+02  0
2018  16 12 52  9.408  4.0615e+02  0
2018  16 14 52  9.984  3.9593e+02  0
2018  16 16 52 12.288  3.8933e+02  0
2018  16 18 52 12.864  3.7281e+02  0
2018  16 20 52 15.168  3.5993e+02  0
2018  16 22 52 15.744  3.6122e+02  0
2018  17  0 52 18.048  3.5370e+02  0
2018  17  2 52 20.352  3.5673e+02  0
2018  17  4 52 20.928  3.5251e+02  0
2018  17  6 52 23.232  3.4575e+02  0
2018  17  8 52 23.808  3.3975e+02  0
2018  17 10 52 26.112  3.3507e+02  0
2018  17 12 52 28.416  3.2802e+02  0
2018  17 14 52 28.992  3.2266e+02  0
2018  17 16 52 31.296  3.2006e+02  0
2018  17 18 52 31.872  3.2087e+02  0
2018  17 20 52 34.176  3.2175e+02  0
2018  17 22 52 34.752  3.3283e+02  0
2018  18  0 52 37.056  3.2992e+02  0
2018  18  2 52 39.360  3.2755e+02  0
2018  18  4 52 39.936  3.2718e+02  0
2018  18  6 52 42.240  3.2734e+02  0
2018  18  8 52 42.816  3.2053e+02  0
2018  18 10 52 45.120  3.1557e+02  0
2018  18 12 52 47.424  3.1183e+02  0
2018  18 14 52 48.000  3.2258e+02  0
2018  18 16 52 50.304  3.2336e+02  0
2018  18 18 52 50.880  3.1883e+02  0
2018  18 20 52 53.184  3.1720e+02  0
2018  18 22 52 53.760  3.2646e+02  0
2018  19  0 52 56.064  3.3870e+02  0
2018  19  2 52 58.368  3.6821e+02  0
2018  19  4 52 58.944  3.6714e+02  0
2018  19  6 53  1.248  3.6508e+02  0
2018  19  8 53  1.824  3.5817e+02  0
2018  19 10 53  4.128  3.5439e+02  0
2018  19 12 53  4.704  3.6635e+02  0
2018  19 14 53  7.008  3.8005e+02  0
2018  19 16 53  9.312  3.8601e+02  0
2018  19 18 53  9.888  3.8412e+02  0
2018  19 20 53 12.192  3.8337e+02  0
2018  19 22 53 12.768  3.7964e+02  0
2018  20  0 53 15.072  3.6668e+02  0
2018  20  2 53 17.376  3.7075e+02  0
2018  20  4 53 17.952  3.9274e+02  0
2018  20  6 53 20.256  3.9985e+02  0
2018  20  8 53 20.832  3.9563e+02  0
2018  20 10 53 23.136  3.8656e+02  0
2018  20 12 53 23.712  3.8361e+02  0
2018  20 14 53 26.016  3.8981e+02  0
2018  20 16 53 28.320  4.0903e+02  0
2018  20 18 53 28.896  3.9821e+02  0
2018  20 20 53 31.200  3.8802e+02  0
2018  20 22 53 31.776  4.0105e+02  0
2018  21  0 53 34.080  4.0432e+02  0
2018  21  2 53 34.656  3.8390e+02  0
2018  21  4 53 36.960  3.9119e+02  0
2018  21  6 53 39.264  4.1814e+02  0
2018  21  8 53 39.840  4.3796e+02  0
2018  21 10 53 42.144  4.4749e+02  0
2018  21 12 53 42.720  5.1926e+02  0
2018  21 14 53 45.024  5.2185e+02  0
2018  21 16 53 45.600  5.1408e+02  0
2018  21 18 53 47.904  5.1224e+02  0
2018  21 20 53 50.208  4.9560e+02  0
2018  21 22 53 50.784  5.0743e+02  0
2018  22  0 53 53.088  5.5632e+02  0
2018  22  2 53 53.664  5.4267e+02  0
2018  22  4 53 55.968  5.5203e+02  0
2018  22  6 53 58.272  5.5705e+02  0
2018  22  8 53 58.848  5.5449e+02  0
2018  22 10 54  1.152  5.5137e+02  0
2018  22 12 54  1.728  5.2387e+02  0
2018  22 14 54  4.032  5.2043e+02  0
2018  22 16 54  4.608  5.3186e+02  0
2018  22 18 54  6.912  5.3165e+02  0
2018  22 20 54  9.216  5.1701e+02  0
2018  22 22 54  9.792  5.0952e+02  0
2018  23  0 54 12.096  5.0104e+02  0
2018  23  2 54 12.672  4.8571e+02  0
2018  23  4 54 14.976  4.6996e+02  0
2018  23  6 54 16.416  4.5876e+02  0
2018  23  8 54 17.856  4.6084e+02  0
2018  23 10 54 20.160  4.4958e+02  0
2018  23 12 54 20.736  4.3845e+02  0
2018  23 14 54 23.040  4.1606e+02  0
2018  23 16 54 23.616  4.0737e+02  0
2018  23 18 54 25.920  3.9937e+02  0
2018  23 20 54 28.224  3.9881e+02  0
2018  23 22 54 29.664  3.9191e+02  0
2018  24  0 54 31.968  3.8265e+02  0
2018  24  2 54 34.272  3.7120e+02  0
2018  24  4 54 35.712  3.6435e+02  0
2018  24  6 54 38.016  3.5881e+02  0
2018  24  8 54 41.184  3.5029e+02  0
2018  24 10 54 42.624  3.5483e+02  0
2018  24 12 54 44.928  3.6755e+02  0
2018  24 14 54 47.232  3.7370e+02  0
2018  24 16 54 48.672  3.7598e+02  0
2018  24 18 54 50.976  3.8730e+02  0
2018  24 20 54 53.280  4.1306e+02  0
2018  24 22 54 54.720  4.1967e+02  0
2018  25  0 54 57.024  4.0216e+02  0
2018  25  2 54 59.328  4.0316e+02  0
2018  25  4 55  0.768  4.0781e+02  0
2018  25  6 55  3.072  4.2101e+02  0
2018  25  8 55  5.376  4.1529e+02  0
2018  25 10 55  6.816  4.1837e+02  0
2018  25 12 55  9.120  4.2048e+02  0
2018  25 14 55 11.424  4.2536e+02  0
2018  25 16 55 12.864  4.2601e+02  0
2018  25 18 55 15.168  4.2085e+02  0
2018  25 20 55 18.336  4.2529e+02  0
2018  25 22 55 19.776  4.2882e+02  0
2018  26  0 55 22.080  4.2785e+02  0
2018  26  2 55 35.616  4.4146e+02  0
2018  26  4 55 37.920  4.6332e+02  0
2018  26  6 55 40.224  4.9602e+02  0
2018  26  8 55 41.664  5.1587e+02  0
2018  26 10 55 43.968  5.0418e+02  0
2018  26 12 55 46.272  4.9794e+02  0
2018  26 14 55 47.712  4.9425e+02  0
2018  26 16 55 50.016  4.8552e+02  0
2018  26 18 55 52.320  4.7167e+02  0
2018  26 20 55 53.760  4.6387e+02  0
2018  26 22 55 56.064  4.5444e+02  0
2018  27  0 55 58.368  4.4354e+02  0
2018  27  2 55 59.808  4.3318e+02  0
2018  27  4 56  2.112  4.2964e+02  0
2018  27  6 56  4.416  4.2832e+02  0
2018  27  8 56  5.856  4.2859e+02  0
2018  27 10 56  8.160  4.2733e+02  0
2018  27 12 56 11.328  4.2921e+02  0
2018  27 14 56 12.768  4.1760e+02  0
2018  27 16 56 15.072  4.0065e+02  0
2018  27 18 56 17.376  3.8588e+02  0
2018  27 20 56 18.816  3.8024e+02  0
2018  27 22 56 21.120  3.9471e+02  0
2018  28  0 56 23.424  3.9227e+02  0
2018  28  2 56 24.864  3.7290e+02  0
2018  28  4 56 27.168  3.6596e+02  0
2018  28  6 56 28.608  3.5889e+02  0
2018  28  8 56 30.912  3.5528e+02  0
2018  28 10 56 33.216  3.5802e+02  0
2018  28 12 56 34.656  3.5625e+02  0
2018  28 14 56 36.960  3.5572e+02  0
2018  28 16 56 39.264  3.4952e+02  0
2018  28 18 56 40.704  3.5186e+02  0
2018  28 20 56 43.008  3.5199e+02  0
2018  28 22 56 45.312  3.4516e+02  0
2018  29  0 56 46.752  3.4333e+02  0
2018  29  2 56 49.056  3.4429e+02  0
2018  29  4 56 51.360  3.4653e+02  0
2018  29  6 56 52.800  3.5450e+02  0
2018  29  8 56 55.968  3.4864e+02  0
2018  29 10 56 58.272  3.4798e+02  0
2018  29 12 56 59.712  3.4581e+02  0
2018  29 14 57  2.016  3.3898e+02  0
2018  29 16 57  4.320  3.2763e+02  0
2018  29 18 57  5.760  3.2455e+02  0
2018  29 20 57  8.928  3.2657e+02  0
2018  29 22 57 11.232  3.3786e+02  0
2018  30  0 57 14.400  3.4184e+02  0
2018  30  2 57 15.840  3.3927e+02  0
2018  30  4 57 19.008  3.4375e+02  0
2018  30  6 57 22.176  3.4553e+02  0
2018  30  8 57 23.616  3.4400e+02  0
2018  30 10 57 26.784  3.4189e+02  0
2018  30 12 57 29.952  3.3750e+02  0
2018  30 14 57 32.256  3.2891e+02  0
2018  30 16 57 35.424  3.3331e+02  0
2018  30 18 57 36.864  3.3102e+02  0
2018  30 20 57 40.032  3.3150e+02  0
2018  30 22 57 43.200  3.2879e+02  0
2018  31  0 57 44.640  3.2953e+02  0
2018  31  2 57 47.808  3.2478e+02  0
2018  31  4 57 50.112  3.4016e+02  0
2018  31  6 57 53.280  3.3440e+02  0
2018  31  8 57 55.584  3.5019e+02  0
2018  31 10 57 57.888  3.6264e+02  0
2018  31 12 58  1.056  3.8161e+02  0
2018  31 14 58  4.224  3.7949e+02  0
2018  31 16 58 17.760  3.7960e+02  0
2018  31 18 58 20.928  4.2678e+02  0
2018  31 20 58 23.232  4.3945e+02  0
2018  31 22 58 26.400  4.3968e+02  0
2018  32  0 58 28.704  4.3654e+02  0
2018  32  2 58 31.008  4.3059e+02  0
2018  32  4 58 34.176  4.2070e+02  0
2018  32  6 58 35.616  4.1917e+02  0
2018  32  8 58 38.784  4.1924e+02  0
2018  32 10 58 41.952  4.2299e+02  0
2018  32 12 58 44.256  4.2286e+02  0
2018  32 14 58 47.424  4.1603e+02  0
2018  32 16 58 49.728  4.0296e+02  0
2018  32 18 58 52.032  4.0028e+02  0
2018  32 20 58 55.200  3.8654e+02  0
2018  32 22 58 56.640  3.7965e+02  0
2018  33  0 58 59.808  3.7987e+02  0
2018  33  2 59  2.976  3.7753e+02  0
2018  33  4 59  5.280  3.7393e+02  0
2018  33  6 59  7.584  3.7299e+02  0
2018  33  8 59  9.888  3.7238e+02  0
2018  33 10 59 13.056  3.6131e+02  0
2018  33 12 59 16.224  3.5361e+02  0
2018  33 14 59 17.664  3.4817e+02  0
2018  33 16 59 20.832  3.4195e+02  0
2018  33 18 59 23.136  3.3168e+02  0
2018  33 20 59 26.304  3.2724e+02  0
2018  33 22 59 28.608  3.1984e+02  0
2018  34  0 59 30.912  3.1617e+02  0
2018  34  2 59 34.080  3.1365e+02  0
2018  34  4 59 37.248  3.2201e+02  0
2018  34  6 59 38.688  3.2786e+02  0
2018  34  8 59 41.856  3.1757e+02  0
2018  34 10 59 44.160  3.1201e+02  0
2018  34 12 59 47.328  3.1416e+02  0
2018  34 14 59 49.632  3.1484e+02  0
2018  34 16 59 51.936  3.2064e+02  0
2018  34 18 59 55.104  3.2166e+02  0
2018  34 20 59 57.408  3.2157e+02  0
2018  34 22 59 59.712  3.2316e+02  0
2018  35  1  0  2.880  3.2058e+02  0
2018  35  3  0  5.184  3.2270e+02  0
2018  35  5  0  8.352  3.3089e+02  0
2018  35  7  0  9.792  3.2725e+02  0
2018  35  9  0 12.960  3.3092e+02  0
2018  35 11  0 16.128  3.4266e+02  0
2018  35 13  0 18.432  3.4298e+02  0
2018  35 15  0 20.736  3.4455e+02  0
2018  35 17  0 23.040  3.5937e+02  0
2018  35 19  0 26.208  3.6717e+02  0
2018  35 21  0 29.376  3.8236e+02  0
2018  35 23  0 30.816  4.0780e+02  0
2018  36  1  0 33.984  4.0110e+02  0
2018  36  3  0 36.288  3.9671e+02  0
2018  36  5  0 38.592  4.1820e+02  0
2018  36  7  0 41.760  4.2726e+02  0
2018  36  9  0 44.064  4.1848e+02  0
2018  36 11  0 47.232  4.1435e+02  0
2018  36 13  0 48.672  4.0721e+02  0
2018  36 15  0 51.840  3.8638e+02  0
2018  36 17  0 55.008  3.9840e+02  0
2018  36 19  0 57.312  3.8608e+02  0
2018  36 21  0 59.616  3.8315e+02  0
2018  36 23  1  1.920  3.9045e+02  0
2018  37  1  1  5.088  4.2020e+02  0
2018  37  3  1  8.256  4.1691e+02  0
2018  37  5  1  9.696  4.1265e+02  0
2018  37  7  1 12.864  4.1825e+02  0
2018  37  9  1 15.168  4.1989e+02  0
2018  37 11  1 18.336  4.2700e+02  0
2018  37 13  1 20.640  4.2148e+02  0
2018  37 15  1 22.944  4.4119e+02  0
2018  37 17  1 26.112  4.3803e+02  0
2018  37 19  1 28.416  4.2573e+02  0
2018  37 21  1 30.720  4.2137e+02  0
2018  37 23  1 33.888  3.8906e+02  0
2018  38  1  1 36.192  4.1464e+02  0
2018  38  3  1 39.360  4.1833e+02  0
2018  38  5  1 40.800  4.1764e+02  0
2018  38  7  1 43.968  4.1037e+02  0
2018  38  9  1 47.136  4.1478e+02  0
2018  38 11  1 48.576  4.1840e+02  0
2018  38 13  1 51.744  4.0895e+02  0
2018  38 15  1 54.048  3.9732e+02  0
2018  38 17  1 57.216  3.9461e+02  0
2018  38 19  2  0.384  3.8290e+02  0
2018  38 21  2  1.824  3.6787e+02  0
2018  38 23  2  4.992  3.6007e+02  0
2018  39  1  2  8.160  3.6657e+02  0
2018  39  3  2 11.328  3.6978e+02  0
2018  39  5  2 13.632  3.6142e+02  0
2018  39  7  2 17.664  3.6431e+02  0
2018  39  9  2 20.832  3.7466e+02  0
2018  39 11  2 24.000  3.7569e+02  0
2018  39 13  2 27.168  3.7992e+02  0
2018  39 15  2 30.336  3.7652e+02  0
2018  39 17  2 32.640  3.7683e+02  0
2018  39 19  2 35.808  3.7383e+02  0
2018  39 21  2 39.840  3.6369e+02  0
2018  39 23  2 43.008  3.6490e+02  0
2018  40  1  2 46.176  3.6633e+02  0
2018  40  3  3  0.576  3.5549e+02  0
2018  40  5  3  3.744  3.3535e+02  0
2018  40  7  3  6.912  3.3051e+02  0
2018  40  9  3 10.080  3.2583e+02  0
2018  40 11  3 14.112  3.2368e+02  0
2018  40 13  3 17.280  3.2645e+02  0
2018  40 15  3 19.584  3.2541e+02  0
2018  40 17  3 22.752  3.2451e+02  0
2018  40 19  3 25.920  3.2309e+02  0
2018  40 21  3 29.088  3.2721e+02  0
2018  40 23  3 33.120  3.2845e+02  0
2018  41  1  3 36.288  3.3483e+02  0
2018  41  3  3 38.592  3.3690e+02  0
2018  41  5  3 41.760  3.4707e+02  0
2018  41  7  3 44.928  3.4953e+02  0
2018  41  9  3 48.096  3.4701e+02  0
2018  41 11  3 51.264  3.4490e+02  0
2018  41 13  3 55.296  3.4397e+02  0
2018  41 15  3 57.600  3.4620e+02  0
2018  41 17  4  0.768  3.4134e+02  0
2018  41 19  4  3.936  3.6705e+02  0
2018  41 21  4  7.104  3.6709e+02  0
2018  41 23  4 10.272  3.7724e+02  0
2018  42  1  4 12.576  3.4601e+02  0
2018  42  3  4 16.608  3.4214e+02  0
2018  42  5  4 19.776  3.4074e+02  0
2018  42  7  4 22.944  3.2860e+02  0
2018  42  9  4 26.112  3.1567e+02  0
2018  42 11  4 29.280  3.1696e+02  0
2018  42 13  4 31.584  3.1558e+02  0
2018  42 15  4 34.752  3.1481e+02  0
2018  42 17  4 38.784  3.1338e+02  0
2018  42 19  4 41.952  3.1425e+02  0
2018  42 21  4 45.120  3.1751e+02  0
2018  42 23  4 48.288  3.1220e+02  0
2018  43  1  4 50.592  3.1400e+02  0
2018  43  3  4 53.760  3.2185e+02  0
2018  43  5  4 56.928  3.2095e+02  0
2018  43  7  5  0.960  3.1967e+02  0
2018  43  9  5  4.128  3.2241e+02  0
2018  43 11  5  7.296  3.3163e+02  0
2018  43 13  5  9.600  3.3861e+02  0
2018  43 15  5 12.768  3.4102e+02  0
2018  43 17  5 15.936  3.3995e+02  0
2018  43 19  5 19.104  3.3927e+02  0
2018  43 21  5 22.272  3.3826e+02  0
2018  43 23  5 26.304  3.3303e+02  0
2018  44  1  5 28.608  3.2853e+02  0
2018  44  3  5 31.776  3.1809e+02  0
2018  44  5  5 34.944  3.1076e+02  0
2018  44  7  5 38.112  3.1489e+02  0
2018  44  9  5 41.280  3.0762e+02  0
2018  44 11  5 43.584  3.0459e+02  0
2018  44 13  5 47.616  3.0518e+02  0
2018  44 15  5 50.784  3.1947e+02  0
2018  44 17  5 53.952  3.2301e+02  0
2018  44 19  5 57.120  3.1938e+02  0
2018  44 21  6  0.288  3.1434e+02  0
2018  44 23  6  2.592  3.2224e+02  0
2018  45  1  6  5.760  3.2633e+02  0
2018  45  3  6  9.792  3.1880e+02  0
2018  45  5  6 12.960  3.1274e+02  0
2018  45  7  6 16.128  3.1622e+02  0
2018  45  9  6 19.296  3.1364e+02  0
2018  45 11  6 21.600  3.1230e+02  0
2018  45 13  6 24.768  3.1093e+02  0
2018  45 15  6 27.936  3.1211e+02  0
2018  45 17  6 31.968  3.1649e+02  0
2018  45 19  6 35.136  3.0811e+02  0
2018  45 21  6 36.576  3.0408e+02  0
2018  45 23  6 38.880  3.0481e+02  0
2018  46  1  6 41.184  3.0208e+02  0
2018  46  3  6 42.624  3.0192e+02  0
2018  46  5  6 44.928  3.0920e+02  0
2018  46  7  6 47.232  2.5751e+02  0
2018  46  9  7  0.768  3.5960e+02  0
2018  46 11  7  3.072  3.6305e+02  0
2018  46 13  7  5.376  3.7567e+02  0
2018  46 15  7  6.816  3.8257e+02  0
2018  46 17  7  9.120  3.6872e+02  0
2018  46 19  7 11.424  3.5563e+02  0
2018  46 21  7 12.864  3.5974e+02  0
2018  46 23  7 14.304  3.5847e+02  0
2018  47  1  7 15.744  3.7614e+02  0
2018  47  3  7 18.048  3.8580e+02  0
2018  47  5  7 20.352  3.9699e+02  0
2018  47  7  7 21.792  3.7476e+02  0
2018  47  9  7 24.096  3.5469e+02  0
2018  47 11  7 26.400  3.4958e+02  0
2018  47 13  7 27.840  3.7464e+02  0
2018  47 15  7 30.144  3.8443e+02  0
2018  47 17  7 31.584  3.8861e+02  0
2018  47 19  7 33.888  3.9831e+02  0
2018  47 21  7 36.192  4.0631e+02  0
2018  47 23  7 37.632  4.1396e+02  0
2018  48  1  7 39.936  4.3761e+02  0
2018  48  3  7 42.240  4.7633e+02  0
2018  48  5  7 43.680  4.8629e+02  0
2018  48  7  7 45.984  4.8725e+02  0
2018  48  9  7 48.288  4.8648e+02  0
2018  48 11  7 49.728  4.8759e+02  0
2018  48 13  7 52.032  5.2153e+02  0
2018  48 15  7 54.336  5.4077e+02  0
2018  48 17  7 55.776  5.0470e+02  0
2018  48 19  7 58.080  4.7961e+02  0
2018  48 21  8  0.384  4.8002e+02  0
2018  48 23  8  1.824  4.8516e+02  0
2018  49  1  8  4.128  4.8823e+02  0
2018  49  3  8  5.568  4.8791e+02  0
2018  49  5  8  7.872  5.1058e+02  0
2018  49  7  8 10.176  5.6903e+02  0
2018  49  9  8 11.616  6.2144e+02  0
2018  49 11  8 13.920  6.2405e+02  0
2018  49 13  8 15.360  6.0960e+02  0
2018  49 15  8 16.800  5.5939e+02  0
2018  49 17  8 19.104  5.6826e+02  0
2018  49 19  8 21.408  6.0720e+02  0
2018  49 21  8 22.848  6.1809e+02  0
2018  49 23  8 25.152  6.2751e+02  0
2018  50  1  8 26.592  6.1983e+02  0
2018  50  3  8 28.896  6.2687e+02  0
2018  50  5  8 31.200  6.2598e+02  0
2018  50  7  8 32.640  6.2329e+02  0
2018  50  9  8 34.944  6.1500e+02  0
2018  50 11  8 37.248  5.8010e+02  0
2018  50 13  8 38.688  5.8280e+02  0
2018  50 15  8 40.992  5.8846e+02  0
2018  50 17  8 43.296  5.8311e+02  0
2018  50 19  8 44.736  5.7277e+02  0
2018  50 21  8 47.040  5.5931e+02  0
2018  50 23  8 49.344  5.5426e+02  0
2018  51  1  8 50.784  5.4063e+02  0
2018  51  3  8 53.088  5.1466e+02  0
2018  51  5  8 55.392  4.7931e+02  0
2018  51  7  8 56.832  4.3696e+02  0
2018  51  9  8 59.136  4.2522e+02  0
2018  51 11  9  0.576  4.3058e+02  0
2018  51 13  9  2.880  4.3212e+02  0
2018  51 15  9  5.184  4.2364e+02  0
2018  51 17  9  6.624  4.1952e+02  0
2018  51 19  9  8.928  4.1830e+02  0
2018  51 21  9 11.232  3.9579e+02  0
2018  51 23  9 12.672  3.6492e+02  0
2018  52  1  9 14.976  3.5817e+02  0
2018  52  3  9 17.280  3.4780e+02  0
2018  52  5  9 19.584  3.5618e+02  0
2018  52  7  9 21.888  3.8149e+02  0
2018  52  9  9 24.192  3.9828e+02  0
2018  52 11  9 25.632  4.1291e+02  0
2018  52 13  9 28.800  4.0087e+02  0
2018  52 15  9 31.104  3.9636e+02  0
2018  52 17  9 33.408  3.8112e+02  0
2018  52 19  9 34.848  3.8315e+02  0
2018  52 21  9 37.152  3.9096e+02  0
2018  52 23  9 40.320  3.8960e+02  0
2018  53  1  9 41.760  3.9685e+02  0
2018  53  3  9 44.064  4.0098e+02  0
2018  53  5  9 46.368  4.0233e+02  0
2018  53  7  9 48.672  4.0442e+02  0
2018  53  9  9 50.976  4.0456e+02  0
2018  53 11  9 53.280  4.0361e+02  0
2018  53 13  9 54.720  4.2260e+02  0
2018  53 15  9 57.888  4.3285e+02  0
2018  53 17 10  0.192  4.3334e+02  0
2018  53 19 10  1.632  4.1671e+02  0
2018  53 21 10  3.936  4.2803e+02  0
2018  53 23 10  6.240  4.6234e+02  0
2018  54  1 10  9.408  4.8005e+02  0
2018  54  3 10 10.848  5.0746e+02  0
2018  54  5 10 13.152  5.1354e+02  0
2018  54  7 10 14.592  5.5481e+02  0
2018  54  9 10 17.760  5.5942e+02  0
2018  54 11 10 20.064  5.7333e+02  0
2018  54 13 10 22.368  5.7458e+02  0
2018  54 15 10 23.808  5.6212e+02  0
2018  54 17 10 26.112  5.6751e+02  0
2018  54 19 10 29.280  5.4969e+02  0
2018  54 21 10 30.720  5.3259e+02  0
2018  54 23 10 33.024  5.2777e+02  0
2018  55  1 10 35.328  5.2362e+02  0
2018  55  3 10 37.632  5.0622e+02  0
2018  55  5 10 39.936  4.8560e+02  0
2018  55  7 10 42.240  4.7760e+02  0
2018  55  9 10 43.680  4.7759e+02  0
2018  55 11 10 46.848  4.7213e+02  0
2018  55 13 10 49.152  4.6120e+02  0
2018  55 15 10 50.592  4.4796e+02  0
2018  55 17 10 52.896  4.3145e+02  0
2018  55 19 10 55.200  4.2505e+02  0
2018  55 21 10 58.368  4.1701e+02  0
2018  55 23 10 59.808  4.0832e+02  0
2018  56  1 11  2.112  4.0639e+02  0
2018  56  3 11  4.416  3.9891e+02  0
2018  56  5 11  6.720  4.0909e+02  0
2018  56  7 11  9.024  4.1445e+02  0
2018  56  9 11 11.328  4.1000e+02  0
2018  56 11 11 12.768  4.0342e+02  0
2018  56 13 11 15.072  4.0826e+02  0
2018  56 15 11 18.240  3.9291e+02  0
2018  56 17 11 19.680  3.9470e+02  0
2018  56 19 11 21.984  3.9154e+02  0
2018  56 21 11 24.288  3.9954e+02  0
2018  56 23 11 26.592  3.9829e+02  0
2018  57  1 11 28.896  3.8634e+02  0
2018  57  3 11 31.200  3.7727e+02  0
2018  57  5 11 32.640  3.8648e+02  0
2018  57  7 11 35.808  4.2231e+02  0
2018  57  9 11 38.112  4.3483e+02  0
2018  57 11 11 40.416  4.2336e+02  0
2018  57 13 11 41.856  4.3898e+02  0
2018  57 15 11 44.160  4.2311e+02  0
2018  57 17 11 47.328  3.9749e+02  0
2018  57 19 11 48.768  3.7410e+02  0
2018  57 21 11 51.072  4.0166e+02  0
2018  57 23 11 53.376  4.1701e+02  0
2018  58  1 11 55.680  4.3823e+02  0
2018  58  3 11 57.984  4.6680e+02  0
2018  58  5 12  0.288  4.6927e+02  0
2018  58  7 12  1.728  4.5585e+02  0
2018  58  9 12  4.032  4.9388e+02  0
2018  58 11 12  7.200  5.2468e+02  0
2018  58 13 12  8.640  5.2783e+02  0
2018  58 15 12 10.944  5.5994e+02  0
2018  58 17 12 13.248  5.4881e+02  0
2018  58 19 12 16.416  5.3886e+02  0
2018  58 21 12 18.720  5.1422e+02  0
2018  58 23 12 21.024  5.0197e+02  0
2018  59  1 12 24.192  4.7731e+02  0
2018  59  3 12 27.360  4.6642e+02  0
2018  59  5 12 28.800  4.5510e+02  0
2018  59  7 12 31.968  4.4743e+02  0
2018  59  9 12 35.136  4.3717e+02  0
2018  59 11 12 36.576  4.3934e+02  0
2018  59 13 12 39.744  4.2950e+02  0
2018  59 15 12 42.048  4.2306e+02  0
2018  59 17 12 45.216  4.2511e+02  0
2018  59 19 12 48.384  4.1532e+02  0
2018  59 21 12 49.824  4.1487e+02  0
2018  59 23 12 52.992  4.1572e+02  0
2018  60  1 12 55.296  4.0734e+02  0
2018  60  3 12 57.600  4.0508e+02  0
2018  60  5 13  0.768  4.0270e+02  0
2018  60  7 13  3.072  4.0756e+02  0
2018  60  9 13  6.240  4.0170e+02  0
2018  60 11 13  9.408  3.8172e+02  0
2018  60 13 13 10.848  3.7400e+02  0
2018  60 15 13 14.016  3.6646e+02  0
2018  60 17 13 16.320  3.7049e+02  0
2018  60 19 13 18.624  3.7157e+02  0
2018  60 21 13 21.792  3.5568e+02  0
2018  60 23 13 24.096  3.5800e+02  0
2018  61  1 13 27.264  3.6399e+02  0
2018  61  3 13 30.432  3.6351e+02  0
2018  61  5 13 31.872  3.5581e+02  0
2018  61  7 13 35.040  3.5451e+02  0
2018  61  9 13 37.344  3.4669e+02  0
2018  61 11 13 39.648  3.4236e+02  0
2018  61 13 13 42.816  3.3869e+02  0
2018  61 15 13 45.120  3.3674e+02  0
2018  61 17 13 48.288  3.3205e+02  0
2018  61 19 13 50.592  3.2402e+02  0
2018  61 21 13 52.896  3.2964e+02  0
2018  61 23 13 56.064  3.3111e+02  0
2018  62  1 13 58.368  3.0687e+02  0
2018  62  3 14  0.672  3.0025e+02  0
2018  62  4 59 59.712 -9.9999e+03 -1
2018  62  7  0  0.288 -9.9999e+03 -1
2018  62  9  0  0.000 -9.9999e+03 -1
2018  62 10 59 59.712 -9.9999e+03 -1
2018  62 13  0  0.288 -9.9999e+03 -1
2018  62 15  0  0.000 -9.9999e+03 -1
2018  62 16 59 59.712 -9.9999e+03 -1
2018  62 19  0  0.288 -9.9999e+03 -1
2018  62 21  0  0.000 -9.9999e+03 -1
2018  62 22 59 59.712 -9.9999e+03 -1
2018  63  1  0  0.288 -9.9999e+03 -1
2018  63  3  0  0.000 -9.9999e+03 -1
2018  63  4 59 59.712 -9.9999e+03 -1
2018  63  7  0  0.288 -9.9999e+03 -1
2018  63  9  0  0.000 -9.9999e+03 -1
2018  63 10 59 59.712 -9.9999e+03 -1
2018  63 13  0  0.288 -9.9999e+03 -1
2018  63 15  0  0.000 -9.9999e+03 -1
2018  63 16 59 59.712 -9.9999e+03 -1
2018  63 19  0  0.288 -9.9999e+03 -1
2018  63 21  0  0.000 -9.9999e+03 -1
2018  63 22 59 59.712 -9.9999e+03 -1
2018  64  1  0  0.288 -9.9999e+03 -1
2018  64  3  0  0.000 -9.9999e+03 -1
2018  64  4 59 59.712 -9.9999e+03 -1
2018  64  7  0  0.288 -9.9999e+03 -1
2018  64  9 15 12.384  3.8856e+02  0
2018  64 11 15 13.824  3.7983e+02  0
2018  64 13 15 16.992  3.7157e+02  0
2018  64 15 15 20.160  3.7649e+02  0
2018  64 17 15 21.600  3.7580e+02  0
2018  64 19 15 36.864  3.6681e+02  0
2018  64 21 15 39.168  3.6280e+02  0
2018  64 23 15 42.336  3.5089e+02  0
2018  65  1 15 44.640  3.6567e+02  0
2018  65  3 15 46.944  3.6596e+02  0
2018  65  5 15 50.112  3.6546e+02  0
2018  65  7 15 53.280  3.6827e+02  0
2018  65  9 15 54.720  3.6995e+02  0
2018  65 11 15 57.888  3.7143e+02  0
2018  65 13 16  0.192  3.7781e+02  0
2018  65 15 16  3.360  3.8020e+02  0
2018  65 17 16  5.664  3.7810e+02  0
2018  65 19 16  7.968  3.8257e+02  0
2018  65 21 16 11.136  3.9198e+02  0
2018  65 23 16 12.576  3.8497e+02  0
2018  66  1 16 15.744  3.7850e+02  0
2018  66  3 16 18.912  3.8347e+02  0
2018  66  5 16 21.216  3.7563e+02  0
2018  66  7 16 24.384  3.7157e+02  0
2018  66  9 16 26.688  3.7019e+02  0
2018  66 11 16 28.992  3.7413e+02  0
2018  66 13 16 32.160  3.7243e+02  0
2018  66 15 16 33.600  3.7310e+02  0
2018  66 17 16 36.768  3.7368e+02  0
2018  66 19 16 39.936  3.7390e+02  0
2018  66 21 16 43.104  3.6829e+02  0
2018  66 23 16 46.272  3.6929e+02  0
2018  67  1 16 48.576  3.6210e+02  0
2018  67  3 16 51.744  3.6373e+02  0
2018  67  5 16 54.912  3.5404e+02  0
2018  67  7 16 58.944  3.5195e+02  0
2018  67  9 17  2.112  3.3441e+02  0
2018  67 11 17  5.280  3.4755e+02  0
2018  67 13 17  7.584  3.3709e+02  0
2018  67 15 17 10.752  3.3539e+02  0
2018  67 17 17 13.920  3.3526e+02  0
2018  67 19 17 17.952  3.3378e+02  0
2018  67 21 17 21.120  3.3277e+02  0
2018  67 23 17 24.288  3.5485e+02  0
2018  68  1 17 26.592  3.5860e+02  0
2018  68  3 17 29.760  3.6204e+02  0
2018  68  5 17 32.928  3.5405e+02  0
2018  68  7 17 36.096  3.6804e+02  0
2018  68  9 17 40.128  3.7734e+02  0
2018  68 11 17 43.296  3.8572e+02  0
2018  68 13 17 45.600  3.7266e+02  0
2018  68 15 17 48.768  3.5797e+02  0
2018  68 17 17 51.936  4.1832e+02  0
2018  68 19 17 55.104  4.4176e+02  0
2018  68 21 17 59.136  4.4361e+02  0
2018  68 23 18  2.304  4.4765e+02  0
2018  69  1 18  4.608  4.3842e+02  0
2018  69  3 18  7.776  4.2914e+02  0
2018  69  5 18 10.944  4.1965e+02  0
2018  69  7 18 14.112  4.1559e+02  0
2018  69  9 18 18.144  4.0520e+02  0
2018  69 11 18 21.312  3.9322e+02  0
2018  69 13 18 23.616  3.8915e+02  0
2018  69 15 18 26.784  3.9976e+02  0
2018  69 17 18 29.952  3.8352e+02  0
2018  69 19 18 33.120  3.7513e+02  0
2018  69 21 18 37.152  3.7368e+02  0
2018  69 23 18 40.320  3.8835e+02  0
2018  70  1 18 42.624  4.1589e+02  0
2018  70  3 18 45.792  4.1680e+02  0
2018  70  5 18 48.960  4.0167e+02  0
2018  70  7 18 52.128  4.0334e+02  0
2018  70  9 18 56.160  4.1382e+02  0
2018  70 11 18 59.328  4.0681e+02  0
2018  70 13 19  1.632  3.9543e+02  0
2018  70 15 19  4.800  3.8427e+02  0
2018  70 17 19  7.968  3.8429e+02  0
2018  70 19 19 11.136  3.7433e+02  0
2018  70 21 19 14.304  3.6538e+02  0
2018  70 23 19 18.336  3.7198e+02  0
2018  71  1 19 20.640  3.7675e+02  0
2018  71  3 19 23.808  3.6881e+02  0
2018  71  5 19 26.976  3.6512e+02  0
2018  71  7 19 30.144  3.6782e+02  0
2018  71  9 19 33.312  3.6924e+02  0
2018  71 11 19 37.344  3.6623e+02  0
2018  71 13 19 39.648  3.6209e+02  0
2018  71 15 19 42.816  3.5594e+02  0
2018  71 17 19 45.984  3.4696e+02  0
2018  71 19 19 49.152  3.4400e+02  0
2018  71 21 19 52.320  3.4528e+02  0
2018  71 23 19 56.352  3.4376e+02  0
2018  72  1 19 58.656  3.4757e+02  0
2018  72  3 20  1.824  3.5558e+02  0
2018  72  5 20  4.992  3.5725e+02  0
2018  72  7 20  8.160  3.5618e+02  0
2018  72  9 20 11.328  3.6172e+02  0
2018  72 11 20 13.632  3.6181e+02  0
2018  72 13 20 17.664  3.5597e+02  0
2018  72 15 20 20.832  3.5396e+02  0
2018  72 17 20 24.000  3.5036e+02  0
2018  72 19 20 28.032  3.4502e+02  0
2018  72 21 20 31.200  3.4183e+02  0
2018  72 23 20 35.232  3.2911e+02  0
2018  73  1 20 38.400  3.1635e+02  0
2018  73  3 20 40.704  3.1434e+02  0
2018  73  5 20 44.736  3.1680e+02  0
2018  73  7 20 47.904  3.2108e+02  0
2018  73  9 20 51.936  3.2156e+02  0
2018  73 11 20 55.104  3.3485e+02  0
2018  73 13 20 59.136  3.4718e+02  0
2018  73 15 21  2.304  3.7364e+02  0
2018  73 17 21  6.336  4.1727e+02  0
2018  73 19 21  8.640  4.1555e+02  0
2018  73 21 21 11.808  4.0240e+02  0
2018  73 23 21 15.840  4.2333e+02  0
2018  74  1 21 19.008  3.9639e+02  0
2018  74  3 21 23.040  3.9956e+02  0
2018  74  5 21 26.208  4.1703e+02  0
2018  74  7 21 30.240  4.2933e+02  0
2018  74  9 21 33.408  4.4834e+02  0
2018  74 11 21 36.576  4.5515e+02  0
2018  74 13 21 39.744  5.0130e+02  0
2018  74 15 21 42.912  5.0428e+02  0
2018  74 17 21 46.944  4.9870e+02  0
2018  74 19 21 50.112  4.9119e+02  0
2018  74 21 21 54.144  4.9514e+02  0
2018  74 23 21 57.312  4.9027e+02  0
2018  75  1 22  1.344  4.7873e+02  0
2018  75  3 22  3.648  4.9020e+02  0
2018  75  5 22  6.816  4.9644e+02  0
2018  75  7 22 10.848  4.8606e+02  0
2018  75  9 22 14.016  4.7001e+02  0
2018  75 11 22 18.048  4.6222e+02  0
2018  75 13 22 21.216  4.5135e+02  0
2018  75 15 22 25.248  4.3622e+02  0
2018  75 17 22 28.416  4.3398e+02  0
2018  75 19 22 30.720  4.7784e+02  0
2018  75 21 22 34.752  4.7713e+02  0
2018  75 23 22 37.920  4.9167e+02  0
2018  76  1 22 41.952  4.8432e+02  0
2018  76  3 22 45.120  4.9578e+02  0
2018  76  5 22 49.152  4.8755e+02  0
2018  76  7 22 52.320  4.9764e+02  0
2018  76  9 22 54.624  5.0318e+02  0
2018  76 11 22 58.656  4.7839e+02  0
2018  76 13 23  1.824  5.0242e+02  0
2018  76 15 23  5.856  4.8634e+02  0
2018  76 17 23  9.024  4.8331e+02  0
2018  76 19 23 25.152  5.0022e+02  0
2018  76 21 23 28.320  5.3149e+02  0
2018  76 23 23 30.624  5.2596e+02  0
2018  77  1 23 34.656  5.1899e+02  0
2018  77  3 23 37.824  5.0699e+02  0
2018  77  5 23 41.856  4.9674e+02  0
2018  77  7 23 45.024  4.8714e+02  0
2018  77  9 23 49.056  4.8129e+02  0
2018  77 11 23 52.224  5.3105e+02  0
2018  77 13 23 55.392  5.4679e+02  0
2018  77 15 23 59.424  5.6611e+02  0
2018  77 17 24  1.728  5.7083e+02  0
2018  77 19 24  5.760  5.8099e+02  0
2018  77 21 24  8.928  5.8837e+02  0
2018  77 23 24 12.096  6.0304e+02  0
2018  78  1 24 16.128  5.9948e+02  0
2018  78  3 24 19.296  6.0396e+02  0
2018  78  5 24 23.328  5.9969e+02  0
2018  78  7 24 25.632  5.8529e+02  0
2018  78  9 24 29.664  5.6585e+02  0
2018  78 11 24 32.832  5.5576e+02  0
2018  78 13 24 36.000  5.4285e+02  0
2018  78 15 24 40.032  5.4013e+02  0
2018  78 17 24 43.200  5.1577e+02  0
2018  78 19 24 47.232  5.0860e+02  0
2018  78 21 24 50.400  5.0072e+02  0
2018  78 23 24 53.568  4.8866e+02  0
2018  79  1 24 56.736  4.7937e+02  0
2018  79  3 24 59.904  4.7224e+02  0
2018  79  5 25  3.936  4.6216e+02  0
2018  79  7 25  7.104  4.5453e+02  0
2018  79  9 25 11.136  4.4436e+02  0
2018  79 11 25 14.304  4.2954e+02  0
2018  79 13 25 16.608  4.1942e+02  0
2018  79 15 25 20.640  4.1558e+02  0
2018  79 17 25 23.808  4.0963e+02  0
2018  79 19 25 27.840  4.0872e+02  0
2018  79 21 25 31.872  3.9433e+02  0
2018  79 23 25 35.040  3.8381e+02  0
2018  80  1 25 39.072  3.8760e+02  0
2018  80  3 25 42.240  3.7835e+02  0
2018  80  5 25 46.272  3.5872e+02  0
2018  80  7 25 50.304  3.5517e+02  0
2018  80  9 25 52.608  3.3479e+02  0
2018  80 11 25 56.640  3.2190e+02  0
2018  80 13 25 59.808  3.2457e+02  0
2018  80 15 26  3.840  3.2664e+02  0
2018  80 17 26  7.872  3.3892e+02  0
2018  80 19 26 11.040  3.3439e+02  0
2018  80 21 26 15.072  3.2575e+02  0
2018  80 23 26 18.240  3.3571e+02  0
2018  81  1 26 22.272  3.3661e+02  0
2018  81  3 26 26.304  3.3377e+02  0
2018  81  5 26 28.608  3.3034e+02  0
2018  81  7 26 32.640  3.2175e+02  0
2018  81  9 26 35.808  3.3107e+02  0
2018  81 11 26 39.840  3.2609e+02  0
2018  81 13 26 43.872  3.1402e+02  0
2018  81 15 26 47.040  3.3607e+02  0
2018  81 17 26 51.072  3.4718e+02  0
2018  81 19 26 54.240  3.7414e+02  0
2018  81 21 26 58.272  4.2077e+02  0
2018  81 23 27  2.304  4.3372e+02  0
2018  82  1 27  4.608  4.3035e+02  0
2018  82  3 27  8.640  4.5028e+02  0
2018  82  5 27 11.808  4.4781e+02  0
2018  82  7 27 15.840  4.4786e+02  0
2018  82  9 27 19.872  4.4105e+02  0
2018  82 11 27 23.040  4.3878e+02  0
2018  82 13 27 27.072  4.6602e+02  0
2018  82 15 27 30.240  4.6916e+02  0
2018  82 17 27 34.272  4.9848e+02  0
2018  82 19 27 38.304  4.9936e+02  0
2018  82 21 27 40.608  4.8166e+02  0
2018  82 23 27 44.640  5.1158e+02  0
2018  83  1 27 47.808  4.9241e+02  0
2018  83  3 27 51.840  4.6154e+02  0
2018  83  5 27 55.872  4.4218e+02  0
2018  83  7 27 59.040  4.2264e+02  0
2018  83  9 28  3.072  4.1485e+02  0
2018  83 11 28  6.240  4.1712e+02  0
2018  83 13 28 10.272  4.3103e+02  0
2018  83 15 28 14.304  4.3750e+02  0
2018  83 17 28 16.608  4.4641e+02  0
2018  83 19 28 20.640  4.7382e+02  0
2018  83 21 28 23.808  4.8677e+02  0
2018  83 23 28 27.840  4.8548e+02  0
2018  84  1 28 31.872  4.8115e+02  0
2018  84  3 28 35.040  4.8267e+02  0
2018  84  5 28 39.072  4.8877e+02  0
2018  84  7 28 42.240  4.8262e+02  0
2018  84  9 28 46.272  4.6792e+02  0
2018  84 11 28 50.304  4.6475e+02  0
2018  84 13 29  4.704  4.6163e+02  0
2018  84 15 29  8.736  4.6306e+02  0
2018  84 17 29 11.904  4.7210e+02  0
2018  84 19 29 15.936  4.7680e+02  0
2018  84 21 29 19.968  4.7873e+02  0
2018  84 23 29 23.136  4.8806e+02  0
2018  85  1 29 27.168  5.1762e+02  0
2018  85  3 29 30.336  5.2502e+02  0
2018  85  5 29 34.368  5.1989e+02  0
2018  85  7 29 36.672  5.1828e+02  0
2018  85  9 29 40.704  5.2344e+02  0
2018  85 11 29 44.736  5.2433e+02  0
2018  85 13 29 47.904  5.1873e+02  0
2018  85 15 29 51.936  5.0007e+02  0
2018  85 17 29 55.104  4.9988e+02  0
2018  85 19 29 59.136  4.8677e+02  0
2018  85 21 30  3.168  4.9969e+02  0
2018  85 23 30  6.336  4.9975e+02  0
2018  86  1 30 21.600  5.3252e+02  0
2018  86  3 30 24.768  5.4462e+02  0
2018  86  5 30 28.800  5.4330e+02  0
2018  86  7 30 32.832  5.4242e+02  0
2018  86  9 30 36.000  5.3221e+02  0
2018  86 11 30 40.032  5.3639e+02  0
2018  86 13 30 43.200  5.4134e+02  0
2018  86 15 30 47.232  5.3100e+02  0
2018  86 17 30 51.264  5.0503e+02  0
2018  86 19 30 55.296  4.9590e+02  0
2018  86 21 30 59.328  4.7283e+02  0
2018  86 23 31  3.360  4.3898e+02  0
2018  87  1 31  7.392  4.3047e+02  0
2018  87  3 31 11.424  4.1496e+02  0
2018  87  5 31 14.592  4.0131e+02  0
2018  87  7 31 18.624  3.9480e+02  0
2018  87  9 31 22.656  3.9005e+02  0
2018  87 11 31 28.416  3.8673e+02  0
2018  87 13 31 43.680  3.8255e+02  0
2018  87 15 31 47.712  3.7637e+02  0
2018  87 17 31 51.744  3.7411e+02  0
2018  87 19 31 55.776  3.6686e+02  0
2018  87 21 31 59.808  3.6591e+02  0
2018  87 23 32  3.840  3.5868e+02  0
2018  88  1 32  7.872  3.5030e+02  0
2018  88  3 32 11.904  3.5096e+02  0
2018  88  5 32 15.936  3.5656e+02  0
2018  88  7 32 19.968  3.7247e+02  0
2018  88  9 32 24.000  3.6490e+02  0
2018  88 11 32 28.032  3.4824e+02  0
2018  88 13 32 32.928  3.6085e+02  0
2018  88 15 32 36.960  3.6350e+02  0
2018  88 17 32 40.992  3.8728e+02  0
2018  88 19 32 45.024  3.7997e+02  0
2018  88 21 32 49.056  4.0469e+02  0
2018  88 23 32 53.088  4.3919e+02  0
2018  89  1 32 57.120  4.3895e+02  0
2018  89  3 33  1.152  4.2010e+02  0
2018  89  5 33  5.184  3.9477e+02  0
2018  89  7 33  9.216  3.9991e+02  0
2018  89  9 33 13.248  4.1658e+02  0
2018  89 11 33 17.280  4.1653e+02  0
2018  89 13 33 21.312  4.0794e+02  0
2018  89 15 33 25.344  3.9702e+02  0
2018  89 17 33 30.240  3.9671e+02  0
2018  89 19 33 34.272  4.0889e+02  0
2018  89 21 33 38.304  4.1385e+02  0
2018  89 23 33 42.336  4.4410e+02  0
2018  90  1 33 46.368  4.7010e+02  0
2018  90  3 33 50.400  4.6180e+02  0
2018  90  5 33 54.432  4.5047e+02  0
2018  90  7 33 57.600  4.3749e+02  0
2018  90  9 34  1.632  4.2787e+02  0
2018  90 11 34  5.664  4.2786e+02  0
2018  90 13 34  9.696  4.2044e+02  0
2018  90 15 34 13.728  4.2008e+02  0
2018  90 17 34 17.760  4.1779e+02  0
2018  90 19 34 21.792  4.2481e+02  0
2018  90 21 34 25.824  4.1996e+02  0
2018  90 23 34 30.720  4.1819e+02  0
2018  91  1 34 34.752  4.2897e+02  0
2018  91  3 34 38.784  4.3336e+02  0
2018  91  5 34 42.816  4.5586e+02  0
2018  91  7 34 46.848  4.5034e+02  0
2018  91  9 34 50.880  4.6498e+02  0
2018  91 11 34 54.912  4.6502e+02  0
2018  91 13 34 58.944  4.5746e+02  0
2018  91 15 35  2.976  4.5953e+02  0
2018  91 17 35  7.008  4.6468e+02  0
2018  91 19 35 11.040  4.5812e+02  0
2018  91 21 35 15.072  4.5162e+02  0
2018  91 23 35 19.104  4.4995e+02  0
2018  92  1 35 23.136  4.4120e+02  0
2018  92  3 35 27.168  4.4055e+02  0
2018  92  5 35 31.200  4.4597e+02  0
2018  92  7 35 36.096  4.3495e+02  0
2018  92  9 35 40.128  4.3592e+02  0
2018  92 11 35 44.160  4.3260e+02  0
2018  92 13 35 48.192  4.3820e+02  0
2018  92 15 35 52.224  4.2911e+02  0
2018  92 17 35 56.256  4.2816e+02  0
2018  92 19 36  0.288  4.2266e+02  0
2018  92 21 36  4.320  4.1120e+02  0
2018  92 23 36  8.352  4.0858e+02  0
2018  93  1 36 12.384  4.0299e+02  0
2018  93  3 36 16.416  3.9890e+02  0
2018  93  5 36 19.584  3.9918e+02  0
2018  93  7 36 23.616  3.9116e+02  0
2018  93  9 36 27.648  3.7021e+02  0
2018  93 11 36 31.680  3.6284e+02  0
2018  93 13 36 35.712  3.5935e+02  0
2018  93 15 36 40.608  3.5424e+02  0
2018  93 17 36 44.640  3.4720e+02  0
2018  93 19 36 48.672  3.4084e+02  0
2018  93 21 36 52.704  3.4192e+02  0
2018  93 23 36 57.600  3.3911e+02  0
2018  94  1 37  1.632  3.3597e+02  0
2018  94  3 37  5.664  3.3836e+02  0
2018  94  5 37  9.696  3.3919e+02  0
2018  94  7 37 14.592  3.3461e+02  0
2018  94  9 37 18.624  3.3243e+02  0
2018  94 11 37 22.656  3.3622e+02  0
2018  94 13 37 26.688  3.3537e+02  0
2018  94 15 37 31.584  3.3024e+02  0
2018  94 17 37 35.616  3.2897e+02  0
2018  94 19 37 39.648  3.3059e+02  0
2018  94 21 37 43.680  3.4204e+02  0
2018  94 23 37 48.576  3.3843e+02  0
2018  95  1 38  4.704  3.4672e+02  0
2018  95  3 38  8.736  3.5202e+02  0
2018  95  5 38 13.632  3.5412e+02  0
2018  95  7 38 17.664  3.6052e+02  0
2018  95  9 38 21.696  3.6961e+02  0
2018  95 11 38 25.728  3.7225e+02  0
2018  95 13 38 30.624  3.8275e+02  0
2018  95 15 38 34.656  3.8925e+02  0
2018  95 17 38 38.688  3.9828e+02  0
2018  95 19 38 42.720  4.0760e+02  0
2018  95 21 38 47.616  4.4349e+02  0
2018  95 23 38 51.648  4.4596e+02  0
2018  96  1 38 55.680  4.3123e+02  0
2018  96  3 38 59.712  4.2542e+02  0
2018  96  5 39  4.608  4.0913e+02  0
2018  96  7 39  8.640  3.9712e+02  0
2018  96  9 39 12.672  3.7729e+02  0
2018  96 11 39 18.432  3.6299e+02  0
2018  96 13 39 21.600  3.5393e+02  0
2018  96 15 39 25.632  3.5393e+02  0
2018  96 17 39 29.664  3.5231e+02  0
2018  96 19 39 35.424  3.5473e+02  0
2018  96 21 39 38.592  3.5169e+02  0
2018  96 23 39 42.624  3.3725e+02  0
2018  97  1 39 46.656  3.3446e+02  0
2018  97  3 39 52.416  3.3801e+02  0
2018  97  5 39 55.584  3.3796e+02  0
2018  97  7 39 59.616  3.3740e+02  0
2018  97  9 40  5.376  3.4816e+02  0
2018  97 11 40  9.408  3.4890e+02  0
2018  97 13 40 12.576  3.4701e+02  0
2018  97 15 40 16.608  3.4833e+02  0
2018  97 17 40 22.368  3.5140e+02  0
2018  97 19 40 26.400  3.6972e+02  0
2018  97 21 40 29.568  3.7111e+02  0
2018  97 23 40 33.600  3.7168e+02  0
2018  98  1 40 39.360  3.5525e+02  0
2018  98  3 40 43.392  3.5209e+02  0
2018  98  5 40 47.424  3.5511e+02  0
2018  98  7 40 50.592  3.5547e+02  0
2018  98  9 40 56.352  3.5402e+02  0
2018  98 11 41  0.384  3.5176e+02  0
2018  98 13 41  4.416  3.5311e+02  0
2018  98 15 41  9.312  3.5047e+02  0
2018  98 17 41 13.344  3.4881e+02  0
2018  98 19 41 17.376  3.4863e+02  0
2018  98 21 41 21.408  3.5431e+02  0
2018  98 23 41 26.304  3.5347e+02  0
2018  99  1 41 30.336  3.5799e+02  0
2018  99  3 41 34.368  3.5213e+02  0
2018  99  5 41 38.400  3.5541e+02  0
2018  99  7 41 43.296  3.8957e+02  0
2018  99  9 41 47.328  4.0659e+02  0
2018  99 11 41 51.360  4.5920e+02  0
2018  99 13 41 55.392  4.8236e+02  0
2018  99 15 42  0.288  4.9665e+02  0
2018  99 17 42  4.320  4.9950e+02  0
2018  99 19 42  8.352  4.9666e+02  0
2018  99 21 42 13.248  5.0028e+02  0
2018  99 23 42 17.280  4.9645e+02  0
2018 100  1 42 21.312  5.3175e+02  0
2018 100  3 42 25.344  5.4403e+02  0
2018 100  5 42 30.240  5.3808e+02  0
2018 100  7 42 34.272  5.5052e+02  0
2018 100  9 42 38.304  5.5566e+02  0
2018 100 11 42 42.336  5.5690e+02  0
2018 100 13 42 47.232  5.7047e+02  0
2018 100 15 42 51.264  5.8324e+02  0
2018 100 17 42 55.296  6.0018e+02  0
2018 100 19 43  0.192  5.8316e+02  0
2018 100 21 43  4.224  5.8349e+02  0
2018 100 23 43  8.256  5.8665e+02  0
2018 101  1 43 13.152  5.9446e+02  0
2018 101  3 43 17.184  5.9463e+02  0
2018 101  5 43 22.080  6.0010e+02  0
2018 101  7 43 26.112  5.8363e+02  0
2018 101  9 43 30.144  5.7861e+02  0
2018 101 11 43 35.040  5.6013e+02  0
2018 101 13 43 39.072  5.4100e+02  0
2018 101 15 43 43.968  5.3154e+02  0
2018 101 17 43 48.000  5.2420e+02  0
2018 101 19 43 52.032  5.1795e+02  0
2018 101 21 43 56.928  5.2330e+02  0
2018 101 23 44  0.960  5.3827e+02  0
2018 102  1 44  5.856  5.2299e+02  0
2018 102  3 44  9.888  5.4045e+02  0
2018 102  5 44 13.920  5.3656e+02  0
2018 102  7 44 18.816  5.3977e+02  0
2018 102  9 44 22.848  5.4214e+02  0
2018 102 11 44 26.880  5.3557e+02  0
2018 102 13 44 31.776  5.2253e+02  0
2018 102 15 44 35.808  5.2861e+02  0
2018 102 17 44 40.704  5.2041e+02  0
2018 102 19 44 44.736  5.0678e+02  0
2018 102 21 44 48.768  5.0378e+02  0
2018 102 23 44 53.664  4.9809e+02  0
2018 103  1 44 57.696  4.8530e+02  0
2018 103  3 45  2.592  4.7572e+02  0
2018 103  5 45  6.624  4.5858e+02  0
2018 103  7 45 10.656  4.4680e+02  0
2018 103  9 45 16.416  4.3469e+02  0
2018 103 11 45 19.584  4.2925e+02  0
2018 103 13 45 25.344  4.2662e+02  0
2018 103 15 45 29.376  4.2935e+02  0
2018 103 17 45 33.408  4.4367e+02  0
2018 103 19 45 38.304  4.4684e+02  0
2018 103 21 45 42.336  4.3909e+02  0
2018 103 23 45 47.232  4.2007e+02  0
2018 104  1 45 51.264  4.1558e+02  0
2018 104  3 45 55.296  4.0224e+02  0
2018 104  5 46  0.192  3.9554e+02  0
2018 104  7 46  4.224  3.8995e+02  0
2018 104  9 46  8.256  3.9132e+02  0
2018 104 11 46 13.152  3.9081e+02  0
2018 104 13 46 17.184  3.8734e+02  0
2018 104 15 46 22.080  3.7781e+02  0
2018 104 17 46 26.112  3.8519e+02  0
2018 104 19 46 30.144  3.6082e+02  0
2018 104 21 46 35.040  3.5317e+02  0
2018 104 23 46 39.072  3.5352e+02  0
2018 105  1 46 43.968  3.5062e+02  0
2018 105  3 46 48.000  3.3999e+02  0
2018 105  5 46 52.032  3.4162e+02  0
2018 105  7 46 56.928  3.4637e+02  0
2018 105  9 47  0.960  3.4333e+02  0
2018 105 11 47  4.992  3.3746e+02  0
2018 105 13 47  9.888  3.3289e+02  0
2018 105 15 47 13.920  3.0251e+02  0
2018 105 17 47 18.816  3.0462e+02  0
2018 105 19 47 22.848  3.0745e+02  0
2018 105 21 47 26.880  3.0600e+02  0
2018 105 23 47 31.776  3.0676e+02  0
2018 106  1 47 35.808  3.0771e+02  0
2018 106  3 47 40.704  3.0875e+02  0
2018 106  5 47 44.736  3.0857e+02  0
2018 106  7 47 48.768  3.1111e+02  0
2018 106  9 47 53.664  3.0660e+02  0
2018 106 11 47 57.696  2.9865e+02  0
2018 106 13 48  1.728  2.9603e+02  0
2018 106 15 48  6.624  3.0524e+02  0
2018 106 17 48 10.656  3.0332e+02  0
2018 106 19 48 16.416  3.0201e+02  0
2018 106 21 48 19.584  2.8855e+02  0
2018 106 23 48 23.616  2.7933e+02  0
2018 107  1 48 29.376  2.9242e+02  0
2018 107  3 48 33.408  2.8994e+02  0
2018 107  5 48 36.576  2.9454e+02  0
2018 107  7 48 42.336  3.1098e+02  0
2018 107  9 48 46.368  3.0668e+02  0
2018 107 11 48 51.264  2.8936e+02  0
2018 107 13 48 55.296  2.8736e+02  0
2018 107 15 48 59.328  2.8847e+02  0
2018 107 17 49  4.224  3.0151e+02  0
2018 107 19 49  8.256  3.0552e+02  0
2018 107 21 49 13.152  3.0843e+02  0
2018 107 23 49 17.184  3.0294e+02  0
2018 108  1 49 22.080  2.9849e+02  0
2018 108  3 49 26.112  2.9221e+02  0
2018 108  5 49 31.008  2.8927e+02  0
2018 108  7 49 35.040  2.9621e+02  0
2018 108  9 49 39.936  3.0272e+02  0
2018 108 11 49 43.968  2.8956e+02  0
2018 108 13 49 48.864  2.9728e+02  0
2018 108 15 49 52.896  2.9654e+02  0
2018 108 17 49 57.792  2.9936e+02  0
2018 108 19 50  1.824  3.1221e+02  0
2018 108 21 50  6.720  3.0515e+02  0
2018 108 23 50 10.752  3.0702e+02  0
2018 109  1 50 15.648  3.0076e+02  0
2018 109  3 50 19.680  2.9843e+02  0
2018 109  5 50 24.576  2.9702e+02  0
2018 109  7 50 28.608  2.9251e+02  0
2018 109  9 50 34.368  2.9021e+02  0
2018 109 11 50 38.400  2.8846e+02  0
2018 109 13 50 43.296  2.8561e+02  0
2018 109 15 50 47.328  2.8547e+02  0
2018 109 17 50 52.224  2.8604e+02  0
2018 109 19 50 56.256  2.9170e+02  0
2018 109 21 51  1.152 -9.9999e+03  0
2018 109 23 51 17.280  3.3805e+02  0
2018 110  1 51 22.176  2.5907e+02  0
2018 110  3 51 26.208  3.5709e+02  0
2018 110  5 51 31.104  4.0560e+02  0
2018 110  7 51 35.136  5.6331e+02  0
2018 110  9 51 40.032  5.4397e+02  0
2018 110 11 51 44.064  5.4141e+02  0
2018 110 13 51 48.960  6.0291e+02  0
2018 110 15 51 52.992  6.4575e+02  0
2018 110 17 51 57.888  6.2744e+02  0
2018 110 19 52  1.920  6.3069e+02  0
2018 110 21 52  6.816  6.2272e+02  0
2018 110 23 52 10.848  6.2507e+02  0
2018 111  1 52 15.744  6.2589e+02  0
2018 111  3 52 19.776  6.0728e+02  0
2018 111  5 52 24.672  6.2232e+02  0
2018 111  7 52 28.704  6.4089e+02  0
2018 111  9 52 33.600  6.4373e+02  0
2018 111 11 52 37.632  6.2580e+02  0
2018 111 13 52 43.392  6.1259e+02  0
2018 111 15 52 47.424  6.0065e+02  0
2018 111 17 52 52.320  5.9429e+02  0
2018 111 19 52 56.352  5.8335e+02  0
2018 111 21 53  1.248  5.7263e+02  0
2018 111 23 53  5.280  5.7166e+02  0
2018 112  1 53 10.176  5.6284e+02  0
2018 112  3 53 14.208  5.5121e+02  0
2018 112  5 53 19.104  5.5229e+02  0
2018 112  7 53 23.136  5.3804e+02  0
2018 112  9 53 28.032  5.1190e+02  0
2018 112 11 53 32.064  4.8790e+02  0
2018 112 13 53 36.960  4.6276e+02  0
2018 112 15 53 40.992  4.5294e+02  0
2018 112 17 53 45.888  4.5009e+02  0
2018 112 19 53 49.920  4.3776e+02  0
2018 112 21 53 54.816  4.3282e+02  0
2018 112 23 53 58.848  4.2563e+02  0
2018 113  1 54  3.744  4.2234e+02  0
2018 113  3 54  7.776  4.2160e+02  0
2018 113  5 54 12.672  4.2888e+02  0
2018 113  7 54 16.704  4.1512e+02  0
2018 113  9 54 21.600  4.0573e+02  0
2018 113 11 54 25.632  4.0710e+02  0
2018 113 13 54 31.392  4.2288e+02  0
2018 113 15 54 35.424  4.0974e+02  0
2018 113 17 54 40.320  3.9284e+02  0
2018 113 19 54 44.352  3.7946e+02  0
2018 113 21 54 49.248  3.8285e+02  0
2018 113 23 54 53.280  3.8093e+02  0
2018 114  1 54 58.176  3.8155e+02  0
2018 114  3 55  2.208  3.8495e+02  0
2018 114  5 55 19.200  3.7748e+02  0
2018 114  7 55 23.232  3.6536e+02  0
2018 114  9 55 28.128  3.5484e+02  0
2018 114 11 55 32.160  3.4097e+02  0
2018 114 13 55 37.056  3.4705e+02  0
2018 114 15 55 41.088  3.5641e+02  0
2018 114 17 55 45.984  3.6382e+02  0
2018 114 19 55 50.016  3.6647e+02  0
2018 114 21 55 54.048  3.6195e+02  0
2018 114 23 55 57.216  3.6107e+02  0
2018 115  1 56  0.384  3.5947e+02  0
2018 115  3 56  2.688  3.4982e+02  0
2018 115  5 56  5.856  3.3872e+02  0
2018 115  7 56  9.888  3.2204e+02  0
2018 115  9 56 13.056  3.1788e+02  0
2018 115 11 56 16.224  3.2912e+02  0
2018 115 13 56 19.392  3.2714e+02  0
2018 115 15 56 23.424  3.2416e+02  0
2018 115 17 56 25.728  3.2559e+02  0
2018 115 19 56 28.896  3.3296e+02  0
2018 115 21 56 32.064  3.3135e+02  0
2018 115 23 56 35.232  3.2794e+02  0
2018 116  1 56 39.264  3.2377e+02  0
2018 116  3 56 42.432  3.2737e+02  0
2018 116  5 56 44.736  3.3500e+02  0
2018 116  7 56 47.904  3.4373e+02  0
2018 116  9 56 51.072  3.4770e+02  0
2018 116 11 56 55.104  3.6246e+02  0
2018 116 13 56 58.272  3.6666e+02  0
2018 116 15 57  0.576  3.6536e+02  0
2018 116 17 57  3.744  3.6067e+02  0
2018 116 19 57  7.776  3.6505e+02  0
2018 116 21 57 10.944  3.6508e+02  0
2018 116 23 57 14.112  3.6413e+02  0
2018 117  1 57 17.280  3.6284e+02  0
2018 117  3 57 19.584  3.6432e+02  0
2018 117  5 57 23.616  3.4701e+02  0
2018 117  7 57 26.784  3.3705e+02  0
2018 117  9 57 29.952  3.6767e+02  0
2018 117 11 57 33.120  3.7829e+02  0
2018 117 13 57 37.152  3.7123e+02  0
2018 117 15 57 40.320  3.8449e+02  0
2018 117 17 57 42.624  3.8342e+02  0
2018 117 19 57 45.792  3.8118e+02  0
2018 117 21 57 48.960  3.8268e+02  0
2018 117 23 57 52.992  3.8543e+02  0
2018 118  1 57 56.160  3.7566e+02  0
2018 118  3 57 59.328  3.7250e+02  0
2018 118  5 58  1.632  3.7056e+02  0
2018 118  7 58  4.800  3.6806e+02  0
2018 118  9 58  8.832  3.6385e+02  0
2018 118 11 58 12.000  3.6650e+02  0
2018 118 13 58 15.168  3.7759e+02  0
2018 118 15 58 18.336  3.7300e+02  0
2018 118 17 58 22.368  3.6285e+02  0
2018 118 19 58 24.672  3.6737e+02  0
2018 118 21 58 27.840  3.7287e+02  0
2018 118 23 58 31.008  3.7118e+02  0
2018 119  1 58 34.176  3.7097e+02  0
2018 119  3 58 38.208  3.6336e+02  0
2018 119  5 58 41.376  3.6894e+02  0
2018 119  7 58 43.680  3.5782e+02  0
2018 119  9 58 46.848  3.6405e+02  0
2018 119 11 58 50.016  3.4775e+02  0
2018 119 13 58 54.048  3.5591e+02  0
2018 119 15 58 57.216  3.5430e+02  0
2018 119 17 59  0.384  3.5588e+02  0
2018 119 19 59  2.688  3.5008e+02  0
2018 119 21 59  6.720  3.4957e+02  0
2018 119 23 59  9.888  3.6638e+02  0
2018 120  1 59 13.056  4.0599e+02  0
2018 120  3 59 16.224  4.1227e+02  0
2018 120  5 59 19.392  4.1394e+02  0
2018 120  7 59 23.424  4.3454e+02  0
2018 120  9 59 25.728  4.4587e+02  0
2018 120 11 59 28.896  4.5393e+02  0
2018 120 13 59 32.064  4.4933e+02  0
2018 120 15 59 35.232  4.4881e+02  0
2018 120 17 59 39.264  4.3467e+02  0
2018 120 19 59 42.432  4.1362e+02  0
2018 120 21 59 44.736  4.1739e+02  0
2018 120 23 59 47.904  4.2988e+02  0
2018 121  1 59 51.936  4.3035e+02  0
2018 121  4 11 54.816  4.2379e+02  0
2018 121  6 11 57.984  4.2080e+02  0
2018 121  8 12  1.152  4.1514e+02  0
2018 121 10 12  5.184  4.0852e+02  0
2018 121 12 12  8.352  4.0363e+02  0
2018 121 14 12 10.656  3.9904e+02  0
2018 121 16 12 13.824  4.0273e+02  0
2018 121 18 12 17.856  4.0198e+02  0
2018 121 20 12 21.024  3.9946e+02  0
2018 121 22 12 24.192  4.0404e+02  0
2018 122  0 12 27.360  3.9310e+02  0
2018 122  2 12 29.664  3.8874e+02  0
2018 122  4 12 33.696  3.8038e+02  0
2018 122  6 12 36.864  3.8256e+02  0
2018 122  8 12 40.032  3.7567e+02  0
2018 122 10 12 43.200  3.6473e+02  0
2018 122 12 12 46.368  3.6329e+02  0
2018 122 14 12 50.400  3.5378e+02  0
2018 122 16 12 52.704  3.5354e+02  0
2018 122 18 12 55.872  3.5657e+02  0
2018 122 20 12 59.040  3.5711e+02  0
2018 122 22 13  3.072  3.6756e+02  0
2018 123  0 13  6.240  3.6184e+02  0
2018 123  2 13  9.408  3.4041e+02  0
2018 123  4 13 12.576  3.3427e+02  0
2018 123  6 13 15.744  3.3577e+02  0
2018 123  8 13 18.912  3.3670e+02  0
2018 123 10 13 22.944  3.3733e+02  0
2018 123 12 13 26.112  3.2994e+02  0
2018 123 14 13 29.280  3.3359e+02  0
2018 123 16 13 33.312  3.5020e+02  0
2018 123 18 13 35.616  3.5722e+02  0
2018 123 20 13 38.784  3.5545e+02  0
2018 123 22 13 42.816  3.5681e+02  0
2018 124  0 13 45.984  3.5156e+02  0
2018 124  2 13 49.152  3.5891e+02  0
2018 124  4 13 53.184  3.5257e+02  0
2018 124  6 13 56.352  3.4828e+02  0
2018 124  8 14  0.384  3.4291e+02  0
2018 124 10 14  2.688  3.3793e+02  0
2018 124 12 14  5.856  3.4402e+02  0
2018 124 14 14  9.888  3.4507e+02  0
2018 124 16 14 13.056  3.4656e+02  0
2018 124 18 14 16.224  3.4222e+02  0
2018 124 20 14 20.256  3.2446e+02  0
2018 124 22 14 23.424  3.2581e+02  0
2018 125  0 14 25.728  3.2479e+02  0
2018 125  2 14 29.760  3.2615e+02  0
2018 125  4 14 32.928  3.2325e+02  0
2018 125  6 14 36.096  3.2660e+02  0
2018 125  8 14 40.128  3.6255e+02  0
2018 125 10 14 43.296  3.7358e+02  0
2018 125 12 14 45.600  4.0745e+02  0
2018 125 14 14 49.632  5.0335e+02  0
2018 125 16 14 52.800  5.9224e+02  0
2018 125 18 14 55.968  6.0581e+02  0
2018 125 20 15  0.000  6.1475e+02  0
2018 125 22 15  3.168  6.5888e+02  0
2018 126  0 15  6.336  6.7057e+02  0
2018 126  2 15 10.368  6.8353e+02  0
2018 126  4 15 12.672  6.7967e+02  0
2018 126  6 15 15.840  6.7301e+02  0
2018 126  8 15 19.872  6.5939e+02  0
2018 126 10 15 23.040  6.6361e+02  0
2018 126 12 15 26.208  6.7533e+02  0
2018 126 14 15 30.240  6.7439e+02  0
2018 126 16 15 33.408  6.6980e+02  0
2018 126 18 15 35.712  6.6059e+02  0
2018 126 20 15 39.744  6.5544e+02  0
2018 126 22 15 42.912  6.5229e+02  0
2018 127  0 15 46.080  6.5592e+02  0
2018 127  2 15 50.112  6.3939e+02  0
2018 127  4 15 53.280  6.4274e+02  0
2018 127  6 15 55.584  6.5077e+02  0
2018 127  8 15 59.616  6.5215e+02  0
2018 127 10 16  2.784  6.6859e+02  0
2018 127 12 16  6.816  6.6040e+02  0
2018 127 14 16  9.984  6.4983e+02  0
2018 127 16 16 13.152  6.2007e+02  0
2018 127 18 16 17.184  6.0201e+02  0
2018 127 20 16 20.352  6.4159e+02  0
2018 127 22 16 22.656  6.4209e+02  0
2018 128  0 16 26.688  6.1992e+02  0
2018 128  2 16 29.856  6.0239e+02  0
2018 128  4 16 33.024  6.1822e+02  0
2018 128  6 16 37.056  6.4010e+02  0
2018 128  8 16 40.224  6.2373e+02  0
2018 128 10 16 43.392  6.1563e+02  0
2018 128 12 16 47.424  6.3688e+02  0
2018 128 14 16 49.728  6.6857e+02  0
2018 128 16 16 52.896  6.8765e+02  0
2018 128 18 16 56.928  6.8597e+02  0
2018 128 20 17  0.096  6.8724e+02  0
2018 128 22 17  4.128  6.9208e+02  0
2018 129  0 17  7.296  6.8269e+02  0
2018 129  2 17 11.328  6.7827e+02  0
2018 129  4 17 15.360  6.6739e+02  0
2018 129  6 17 17.664  6.3672e+02  0
2018 129  8 17 21.696  6.2901e+02  0
2018 129 10 17 24.864  6.2536e+02  0
2018 129 12 17 28.896  6.1365e+02  0
2018 129 14 17 32.064  6.0590e+02  0
2018 129 16 17 36.096  6.2430e+02  0
2018 129 18 17 39.264  6.1876e+02  0
2018 129 20 17 43.296  6.0458e+02  0
2018 129 22 17 45.600  5.8301e+02  0
2018 130  0 17 49.632  5.7277e+02  0
2018 130  2 17 52.800  5.7567e+02  0
2018 130  4 17 56.832  5.7224e+02  0
2018 130  6 18  0.000  5.7204e+02  0
2018 130  8 18  4.032  5.7552e+02  0
2018 130 10 18  7.200  5.7215e+02  0
2018 130 12 18 11.232  5.6924e+02  0
2018 130 14 18 15.264  5.5557e+02  0
2018 130 16 18 17.568  5.6498e+02  0
2018 130 18 18 21.600  5.4609e+02  0
2018 130 20 18 24.768  5.3643e+02  0
2018 130 22 18 28.800  5.2210e+02  0
2018 131  0 18 31.968  5.1265e+02  0
2018 131  2 18 36.000  4.7771e+02  0
2018 131  4 18 39.168  4.6707e+02  0
2018 131  6 18 43.200  4.6205e+02  0
2018 131  8 18 46.368  4.6181e+02  0
2018 131 10 18 50.400  4.7442e+02  0
2018 131 12 18 52.704  4.6971e+02  0
2018 131 14 18 56.736  4.5190e+02  0
2018 131 16 18 59.904  4.5459e+02  0
2018 131 18 19  3.936  4.3162e+02  0
2018 131 20 19  7.104  4.3362e+02  0
2018 131 22 19 11.136  4.3606e+02  0
2018 132  0 19 15.168  4.5673e+02  0
2018 132  2 19 18.336  4.8299e+02  0
2018 132  4 19 22.368  4.5593e+02  0
2018 132  6 19 24.672  4.7127e+02  0
2018 132  8 19 28.704  4.9883e+02  0
2018 132 10 19 31.872  5.1881e+02  0
2018 132 12 19 35.904  5.0260e+02  0
2018 132 14 19 39.072  4.9054e+02  0
2018 132 16 19 43.104  4.6624e+02  0
2018 132 18 19 46.272  4.5294e+02  0
2018 132 20 19 50.304  4.2612e+02  0
2018 132 22 19 52.608  4.7358e+02  0
2018 133  0 19 56.640  4.5870e+02  0
2018 133  2 19 59.808  4.4928e+02  0
2018 133  4 20  3.840  4.4652e+02  0
2018 133  6 20  7.008  4.4194e+02  0
2018 133  8 20 11.040  4.3406e+02  0
2018 133 10 20 14.208  4.2947e+02  0
2018 133 12 20 18.240  4.2468e+02  0
2018 133 14 20 21.408  4.3069e+02  0
2018 133 16 20 24.576  4.2790e+02  0
2018 133 18 20 28.608  4.2119e+02  0
2018 133 20 20 31.776  4.1506e+02  0
2018 133 22 20 35.808  4.1613e+02  0
2018 134  0 20 38.976  4.1005e+02  0
2018 134  2 20 43.008  4.0522e+02  0
2018 134  4 20 46.176  4.0078e+02  0
2018 134  6 20 50.208  3.8960e+02  0
2018 134  8 20 53.376  3.8034e+02  0
2018 134 10 20 57.408  3.8289e+02  0
2018 134 12 20 59.712  3.8392e+02  0
2018 134 14 21  3.744  3.8044e+02  0
2018 134 16 21  6.912  3.7154e+02  0
2018 134 18 21 10.944  3.6880e+02  0
2018 134 20 21 14.112  2.7222e+02  0
2018 134 22 21 18.144  3.6665e+02  0
2018 135  0 21 21.312  3.6789e+02  0
2018 135  2 21 25.344  3.6725e+02  0
2018 135  4 21 27.648  3.6038e+02  0
2018 135  6 21 31.680  3.5792e+02  0
2018 135  8 21 34.848  3.5882e+02  0
2018 135 10 21 38.880  3.5689e+02  0
2018 135 12 21 42.048  3.5404e+02  0
2018 135 14 21 46.080  2.5925e+02  0
2018 135 16 21 49.248  2.6273e+02  0
2018 135 18 21 53.280  2.6134e+02  0
2018 135 20 21 55.584  2.5889e+02  0
2018 135 22 21 59.616  2.5706e+02  0
2018 136  0 22  3.648  2.5523e+02  0
2018 136  2 22  7.680  3.3460e+02  0
2018 136  4 22 10.848  3.2884e+02  0
2018 136  6 22 14.880  3.2486e+02  0
2018 136  8 22 18.912  3.1215e+02  0
2018 136 10 22 22.080  3.1397e+02  0
2018 136 12 22 26.112  3.2374e+02  0
2018 136 14 22 30.144  3.2248e+02  0
2018 136 16 22 33.312  3.1976e+02  0
2018 136 18 22 37.344  3.2713e+02  0
2018 136 20 22 41.376  3.3067e+02  0
2018 136 22 22 43.680  3.6101e+02  0
2018 137  0 22 47.712  3.6572e+02  0
2018 137  2 22 51.744  3.7589e+02  0
2018 137  4 22 55.776  3.8648e+02  0
2018 137  6 22 58.944  3.8408e+02  0
2018 137  8 23  2.976  3.8984e+02  0
2018 137 10 23  7.008  4.8620e+02  0
2018 137 12 23 10.176  4.5582e+02  0
2018 137 14 23 14.208  4.1100e+02  0
2018 137 16 23 18.240  4.0575e+02  0
2018 137 18 23 21.408  4.2618e+02  0
2018 137 20 23 24.576  4.3833e+02  0
2018 137 22 23 28.608  4.3070e+02  0
2018 138  0 23 31.776  4.2669e+02  0
2018 138  2 23 35.808  4.1665e+02  0
2018 138  4 23 39.840  4.1285e+02  0
2018 138  6 23 43.872  4.1498e+02  0
2018 138  8 23 47.040  4.2356e+02  0
2018 138 10 23 51.072  4.2167e+02  0
2018 138 12 23 55.104  4.3554e+02  0
2018 138 14 23 58.272  4.5056e+02  0
2018 138 16 24  2.304  4.4698e+02  0
2018 138 18 24  6.336  4.3016e+02  0
2018 138 20 24  8.640  4.2326e+02  0
2018 138 22 24 12.672  4.2255e+02  0
2018 139  0 24 16.704  3.9373e+02  0
2018 139  2 24 19.872  3.7491e+02  0
2018 139  4 24 23.904  3.6709e+02  0
2018 139  6 24 27.936  3.6548e+02  0
2018 139  8 24 31.104  3.6268e+02  0
2018 139 10 24 35.136  3.6739e+02  0
2018 139 12 24 39.168  2.6616e+02  0
2018 139 14 24 42.336  3.6346e+02  0
2018 139 16 24 46.368  2.6490e+02  0
2018 139 18 24 50.400  2.6281e+02  0
2018 139 20 24 53.568  2.6089e+02  0
2018 139 22 24 56.736  3.6467e+02  0
2018 140  0 25  0.768  2.6472e+02  0
2018 140  2 25  4.800  3.6919e+02  0
2018 140  4 25  7.968  3.8078e+02  0
2018 140  6 25 12.000  3.7037e+02  0
2018 140  8 25 16.032  3.8831e+02  0
2018 140 10 25 19.200  3.7774e+02  0
2018 140 12 25 23.232  2.6688e+02  0
2018 140 14 25 27.264  3.8610e+02  0
2018 140 16 25 29.568  2.6597e+02  0
2018 140 18 25 33.600  2.6496e+02  0
2018 140 20 25 37.632  2.6276e+02  0
2018 140 22 25 40.800 -9.9999e+03  0
2018 141  0 25 44.832 -9.9999e+03  0
2018 141  2 25 48.864  3.6351e+02  0
2018 141  4 25 52.032 -9.9999e+03  0
2018 141  6 25 56.064 -9.9999e+03  0
2018 141  8 26  0.096 -9.9999e+03  0
2018 141 10 26  3.264  3.3830e+02  0
2018 141 12 26  7.296  3.3248e+02  0
2018 141 14 26 11.328  3.1849e+02  0
2018 141 16 26 13.632  3.1795e+02  0
2018 141 18 26 17.664  3.1980e+02  0
2018 141 20 26 21.696  3.1369e+02  0
2018 141 22 26 24.864  3.1182e+02  0
2018 142  0 26 28.896  3.0342e+02  0
2018 142  2 26 32.928  2.9819e+02  0
2018 142  4 26 36.096  3.0398e+02  0
2018 142  6 26 40.128  3.0780e+02  0
2018 142  8 26 44.160  2.9897e+02  0
2018 142 10 26 47.328  3.1320e+02  0
2018 142 12 26 51.360  3.2209e+02  0
2018 142 14 26 55.392  3.2567e+02  0
2018 142 16 26 57.696  3.4743e+02  0
2018 142 18 27  1.728  3.4706e+02  0
2018 142 20 27  5.760  3.4642e+02  0
2018 142 22 27  9.792  3.7666e+02  0
2018 143  0 27 13.824  3.6484e+02  0
2018 143  2 27 17.856  3.6966e+02  0
2018 143  4 27 21.024  4.2837e+02  0
2018 143  6 27 25.056  4.7011e+02  0
2018 143  8 27 29.088  4.6420e+02  0
2018 143 10 27 33.120  4.8480e+02  0
2018 143 12 27 37.152  4.8792e+02  0
2018 143 14 27 41.184  4.9779e+02  0
2018 143 16 27 45.216  5.0802e+02  0
2018 143 18 27 48.384  5.0520e+02  0
2018 143 20 27 52.416  5.1467e+02  0
2018 143 22 27 55.584  5.1552e+02  0
2018 144  0 27 59.616  5.0262e+02  0
2018 144  2 28  3.648  4.8754e+02  0
2018 144  4 28  7.680  4.8155e+02  0
2018 144  6 28 11.712  4.7770e+02  0
2018 144  8 28 14.880  4.6399e+02  0
2018 144 10 28 18.912  4.5488e+02  0
2018 144 12 28 22.944  4.5183e+02  0
2018 144 14 28 26.976  4.4617e+02  0
2018 144 16 28 31.008  4.3775e+02  0
2018 144 18 28 35.040  4.3365e+02  0
2018 144 20 28 39.072  4.2317e+02  0
2018 144 22 28 42.240  4.2113e+02  0
2018 145  0 28 46.272  4.1477e+02  0
2018 145  2 28 50.304  4.0736e+02  0
2018 145  4 28 54.336  3.9965e+02  0
2018 145  6 28 58.368  3.9197e+02  0
2018 145  8 29  2.400  3.8019e+02  0
2018 145 10 29  6.432  3.7807e+02  0
2018 145 12 29  8.736  3.7029e+02  0
2018 145 14 29 12.768  3.6187e+02  0
2018 145 16 29 16.800  3.6067e+02  0
2018 145 18 29 20.832  3.5556e+02  0
2018 145 20 29 24.864  3.5575e+02  0
2018 145 22 29 28.896  3.5665e+02  0
2018 146  0 29 32.928  3.5982e+02  0
2018 146  2 29 36.960  3.6182e+02  0
2018 146  4 29 40.128  3.5416e+02  0
2018 146  6 29 44.160  3.4038e+02  0
2018 146  8 29 48.192  3.2604e+02  0
2018 146 10 29 52.224  3.2574e+02  0
2018 146 12 29 56.256  3.1846e+02  0
2018 146 14 30  0.288  3.1873e+02  0
2018 146 16 30  2.592  3.3372e+02  0
2018 146 18 30  6.624  3.3704e+02  0
2018 146 20 30 10.656  3.3982e+02  0
2018 146 22 30 14.688  3.4678e+02  0
2018 147  0 30 18.720  3.3979e+02  0
2018 147  2 30 22.752  3.5397e+02  0
2018 147  4 30 26.784  3.4895e+02  0
2018 147  6 30 29.952  3.4670e+02  0
2018 147  8 30 33.984  3.4558e+02  0
2018 147 10 30 38.016  3.4496e+02  0
2018 147 12 30 42.048  3.4768e+02  0
2018 147 14 30 46.080  3.4222e+02  0
2018 147 16 30 50.112  3.4113e+02  0
2018 147 18 30 54.144  3.4347e+02  0
2018 147 20 30 57.312  3.6747e+02  0
2018 147 22 31  1.344  3.8966e+02  0
2018 148  0 31  5.376  3.9195e+02  0
2018 148  2 31  9.408  4.0328e+02  0
2018 148  4 31 12.576  3.9764e+02  0
2018 148  6 31 16.608  3.9797e+02  0
2018 148  8 31 20.640  3.9429e+02  0
2018 148 10 31 23.808  3.9417e+02  0
2018 148 12 31 27.840  3.9105e+02  0
2018 148 14 31 31.872  3.9277e+02  0
2018 148 16 31 35.904  3.8680e+02  0
2018 148 18 31 39.936  3.8589e+02  0
2018 148 20 31 43.968  3.7825e+02  0
2018 148 22 31 47.136  3.6308e+02  0
2018 149  0 31 51.168  3.7575e+02  0
2018 149  2 31 55.200  3.8186e+02  0
2018 149  4 31 59.232  3.8982e+02  0
2018 149  6 32  3.264  3.9683e+02  0
2018 149  8 32  7.296  4.0534e+02  0
2018 149 10 32 11.328  4.0185e+02  0
2018 149 12 32 13.632  4.0294e+02  0
2018 149 14 32 17.664  4.0006e+02  0
2018 149 16 32 21.696  3.9295e+02  0
2018 149 18 32 25.728  3.7399e+02  0
2018 149 20 32 29.760  3.6417e+02  0
2018 149 22 32 33.792  3.5892e+02  0
2018 150  0 32 37.824  3.5658e+02  0
2018 150  2 32 41.856  3.5517e+02  0
2018 150  4 32 45.888  3.5592e+02  0
2018 150  6 32 50.784  3.5793e+02  0
2018 150  8 32 54.816  3.3399e+02  0
2018 150 10 32 58.848  3.4524e+02  0
2018 150 12 33  2.880  3.5923e+02  0
2018 150 14 33  6.912  3.4848e+02  0
2018 150 16 33 10.944  3.4562e+02  0
2018 150 18 33 14.976  3.7052e+02  0
2018 150 20 33 19.008  3.7853e+02  0
2018 150 22 33 23.040  3.6653e+02  0
2018 151  0 33 27.072  3.7157e+02  0
2018 151  2 33 31.104  3.6646e+02  0
2018 151  4 33 35.136  3.5783e+02  0
2018 151  6 33 39.168  3.4921e+02  0
2018 151  8 33 43.200  3.6242e+02  0
2018 151 10 33 47.232  3.6458e+02  0
2018 151 12 34  3.360  3.6391e+02  0
2018 151 14 34  7.392  3.8603e+02  0
2018 151 16 34 11.424  4.4256e+02  0
2018 151 18 34 14.592  4.8334e+02  0
2018 151 20 34 18.624  5.0841e+02  0
2018 151 22 34 22.656  5.3024e+02  0
2018 152  0 34 26.688  5.7738e+02  0
2018 152  2 34 31.584  5.9462e+02  0
2018 152  4 34 35.616  5.8692e+02  0
2018 152  6 34 39.648  6.2135e+02  0
2018 152  8 34 43.680  6.4373e+02  0
2018 152 10 34 47.712  6.4350e+02  0
2018 152 12 34 51.744  6.6477e+02  0
2018 152 14 34 55.776  6.8055e+02  0
2018 152 16 34 59.808  6.8721e+02  0
2018 152 18 35  3.840  6.8510e+02  0
2018 152 20 35  7.872  6.9313e+02  0
2018 152 22 35 11.904  6.9719e+02  0
2018 153  0 35 15.936  6.8883e+02  0
2018 153  2 35 19.968  6.8447e+02  0
2018 153  4 35 24.000  6.7949e+02  0
2018 153  6 35 28.032  6.5886e+02  0
2018 153  8 35 32.064  6.4860e+02  0
2018 153 10 35 36.096  6.4631e+02  0
2018 153 12 35 40.128  6.3442e+02  0
2018 153 14 35 44.160  6.1981e+02  0
2018 153 16 35 48.192  6.1664e+02  0
2018 153 18 35 52.224  6.2441e+02  0
2018 153 20 35 56.256  6.4325e+02  0
2018 153 22 36  0.288  6.7304e+02  0
2018 154  0 36  4.320  6.6445e+02  0
2018 154  2 36  8.352  6.5441e+02  0
2018 154  4 36 13.248  6.4712e+02  0
2018 154  6 36 17.280  6.4109e+02  0
2018 154  8 36 21.312  6.3480e+02  0
2018 154 10 36 25.344  6.4063e+02  0
2018 154 12 36 29.376  6.7278e+02  0
2018 154 14 36 33.408  7.0067e+02  0
2018 154 16 36 36.576  7.0720e+02  0
2018 154 18 36 40.608  7.0000e+02  0
2018 154 20 36 44.640  6.7967e+02  0
2018 154 22 36 48.672  6.6998e+02  0
2018 155  0 36 52.704  6.5949e+02  0
2018 155  2 36 56.736  6.3702e+02  0
2018 155  4 37  0.768  6.2506e+02  0
2018 155  6 37  4.800  5.6765e+02  0
2018 155  8 37  8.832  5.6996e+02  0
2018 155 10 37 12.864  6.1198e+02  0
2018 155 12 37 16.896  5.7719e+02  0
2018 155 14 37 20.928  5.3062e+02  0
2018 155 16 37 24.960  4.9920e+02  0
2018 155 18 37 28.992  4.8751e+02  0
2018 155 20 37 33.024  4.7117e+02  0
2018 155 22 37 37.056  4.4805e+02  0
2018 156  0 37 41.088  4.2909e+02  0
2018 156  2 37 45.120  4.1839e+02  0
2018 156  4 37 49.152  4.1870e+02  0
2018 156  6 37 53.184  4.0518e+02  0
2018 156  8 37 57.216  3.9655e+02  0
2018 156 10 38  1.248  4.1129e+02  0
2018 156 12 38  5.280  4.1528e+02  0
2018 156 14 38 10.176  4.2490e+02  0
2018 156 16 38 14.208  4.0415e+02  0
2018 156 18 38 18.240  4.2315e+02  0
2018 156 20 38 22.272  4.2258e+02  0
2018 156 22 38 27.168  4.1765e+02  0
2018 157  0 38 31.200  4.0993e+02  0
2018 157  2 38 35.232  3.9306e+02  0
2018 157  4 38 40.128  3.9179e+02  0
2018 157  6 38 56.256  4.0114e+02  0
2018 157  8 39  0.288  4.0954e+02  0
2018 157 10 39  4.320  4.1652e+02  0
2018 157 12 39  9.216  4.3129e+02  0
2018 157 14 39 13.248  4.3549e+02  0
2018 157 16 39 17.280  4.3177e+02  0
2018 157 18 39 22.176  4.3084e+02  0
2018 157 20 39 26.208  4.1589e+02  0
2018 157 22 39 30.240  4.0638e+02  0
2018 158  0 39 34.272  3.9725e+02  0
2018 158  2 39 39.168  3.9157e+02  0
2018 158  4 39 43.200  3.8402e+02  0
2018 158  6 39 47.232  3.7706e+02  0
2018 158  8 39 52.128  3.7326e+02  0
2018 158 10 39 56.160  3.7863e+02  0
2018 158 12 40  0.192  3.7768e+02  0
2018 158 14 40  4.224  3.7865e+02  0
2018 158 16 40  9.120  3.6930e+02  0
2018 158 18 40 13.152  3.6780e+02  0
2018 158 20 40 17.184  3.6800e+02  0
2018 158 22 40 22.080  3.7168e+02  0
2018 159  0 40 26.112  3.7793e+02  0
2018 159  2 40 30.144  3.7602e+02  0
2018 159  4 40 34.176  3.7086e+02  0
2018 159  6 40 39.072  3.7053e+02  0
2018 159  8 40 43.104  3.7323e+02  0
2018 159 10 40 47.136  3.7067e+02  0
2018 159 12 40 52.032  3.6935e+02  0
2018 159 14 40 56.064  3.7037e+02  0
2018 159 16 41  0.096  3.6757e+02  0
2018 159 18 41  4.128  3.5843e+02  0
2018 159 20 41  9.024  3.5509e+02  0
2018 159 22 41 13.056  3.5040e+02  0
