2012 153  0 40 44.256  3.5718e+02  0
2012 153  2 40 50.016  3.6129e+02  0
2012 153  4 40 56.640  3.5771e+02  0
2012 153  6 41  4.128  3.5406e+02  0
2012 153  8 41  9.888  3.7152e+02  0
2012 153 10 41 17.376  3.6587e+02  0
2012 153 12 41 23.136  3.6640e+02  0
2012 153 14 41 29.760  3.5921e+02  0
2012 153 16 41 37.248  3.5297e+02  0
2012 153 18 41 43.008  3.6622e+02  0
2012 153 20 41 49.632  3.7755e+02  0
2012 153 22 41 57.120  3.7640e+02  0
2012 154  0 42  2.880  3.7215e+02  0
2012 154  2 42 10.368  3.5179e+02  0
2012 154  4 42 16.992  3.5026e+02  0
2012 154  6 42 22.752  3.4335e+02  0
2012 154  8 42 30.240  3.4233e+02  0
2012 154 10 42 36.000  3.3453e+02  0
2012 154 12 42 42.624  3.3217e+02  0
2012 154 14 42 50.112  3.5057e+02  0
2012 154 16 42 55.872  3.4011e+02  0
2012 154 18 43  3.360  3.3887e+02  0
2012 154 20 43  9.984  3.3789e+02  0
2012 154 22 43 15.744  3.3520e+02  0
2012 155  0 43 23.232  3.3469e+02  0
2012 155  2 43 28.992  3.3569e+02  0
2012 155  4 43 35.616  3.3325e+02  0
2012 155  6 43 43.104  3.2994e+02  0
2012 155  8 43 48.864  3.2923e+02  0
2012 155 10 43 56.352  3.4305e+02  0
2012 155 12 44  2.976  3.5603e+02  0
2012 155 14 44  8.736  3.5539e+02  0
2012 155 16 44 16.224  3.6152e+02  0
2012 155 18 44 21.984  3.8572e+02  0
2012 155 20 44 28.608  3.9606e+02  0
2012 155 22 44 36.096  3.7491e+02  0
2012 156  0 44 41.856  3.6640e+02  0
2012 156  2 44 49.344  3.6771e+02  0
2012 156  4 44 55.968  4.4956e+02  0
2012 156  6 45  1.728  4.6010e+02  0
2012 156  8 45  9.216  5.6435e+02  0
2012 156 10 45 14.976  6.2490e+02  0
2012 156 12 45 21.600  6.3343e+02  0
2012 156 14 45 29.088  6.2024e+02  0
2012 156 16 45 34.848  6.2232e+02  0
2012 156 18 45 42.336  6.3143e+02  0
2012 156 20 45 48.960  6.4117e+02  0
2012 156 22 45 54.720  7.0124e+02  0
2012 157  0 46  2.208  7.1241e+02  0
2012 157  2 46  7.968  7.1217e+02  0
2012 157  4 46 14.592  7.0095e+02  0
2012 157  6 46 22.080  7.0059e+02  0
2012 157  8 46 27.840  7.2076e+02  0
2012 157 10 46 35.328  7.2067e+02  0
2012 157 12 46 41.952  7.1126e+02  0
2012 157 14 46 47.712  7.0596e+02  0
2012 157 16 46 55.200  6.9455e+02  0
2012 157 18 47  0.960  6.8257e+02  0
2012 157 20 47  7.584  6.8446e+02  0
2012 157 22 47 15.072  6.8525e+02  0
2012 158  0 47 20.832  7.1168e+02  0
2012 158  2 47 28.320  7.2473e+02  0
2012 158  4 47 34.944  7.4033e+02  0
2012 158  6 47 40.704  7.4792e+02  0
2012 158  8 47 48.192  7.3420e+02  0
2012 158 10 47 53.952  7.1891e+02  0
2012 158 12 48  0.576  7.0482e+02  0
2012 158 14 48  8.064  6.9686e+02  0
2012 158 16 48 13.824  6.9918e+02  0
2012 158 18 48 21.312  7.0334e+02  0
2012 158 20 48 27.936  7.0702e+02  0
2012 158 22 48 33.696  7.0282e+02  0
2012 159  0 48 41.184  6.9084e+02  0
2012 159  2 48 46.944  6.8030e+02  0
2012 159  4 48 54.432  6.6288e+02  0
2012 159  6 49  1.056  6.5300e+02  0
2012 159  8 49  6.816  6.3920e+02  0
2012 159 10 49 14.304  6.4398e+02  0
2012 159 12 49 20.928  6.6025e+02  0
2012 159 14 49 26.688  6.4544e+02  0
2012 159 16 49 34.176  6.3167e+02  0
2012 159 18 49 40.800  6.4474e+02  0
2012 159 20 49 48.288  6.4451e+02  0
2012 159 22 49 54.912  6.2298e+02  0
2012 160  0 50  2.400  5.9820e+02  0
2012 160  2 50  9.888  5.9270e+02  0
2012 160  4 50 17.376  5.8141e+02  0
2012 160  6 50 24.000  5.9981e+02  0
2012 160  8 50 30.624  5.8927e+02  0
2012 160 10 50 38.112  5.6894e+02  0
2012 160 12 50 44.736  5.6994e+02  0
2012 160 14 50 53.088  5.5640e+02  0
2012 160 16 50 59.712  5.3363e+02  0
2012 160 18 51  7.200  5.1182e+02  0
2012 160 20 51 13.824  5.0397e+02  0
2012 160 22 51 21.312  4.9340e+02  0
2012 161  0 51 28.800  4.8559e+02  0
2012 161  2 51 36.288  4.9304e+02  0
2012 161  4 51 42.912  4.8902e+02  0
2012 161  6 51 50.400  4.9217e+02  0
2012 161  8 51 57.024  4.7521e+02  0
2012 161 10 52  3.648  4.5240e+02  0
2012 161 12 52 12.000  4.5286e+02  0
2012 161 14 52 18.624  4.4022e+02  0
2012 161 16 52 26.112  4.3642e+02  0
2012 161 18 52 32.736  4.3661e+02  0
2012 161 20 52 40.224  4.2387e+02  0
2012 161 22 52 47.712  4.1978e+02  0
2012 162  0 52 55.200  4.1398e+02  0
2012 162  2 53  1.824  4.1915e+02  0
2012 162  4 53  9.312  4.4563e+02  0
2012 162  6 53 15.936  4.2916e+02  0
2012 162  8 53 23.424  4.2247e+02  0
2012 162 10 53 30.912  4.2735e+02  0
2012 162 12 53 38.400  4.4999e+02  0
2012 162 14 53 45.024  4.3705e+02  0
2012 162 16 53 51.648  4.4478e+02  0
2012 162 18 53 59.136  4.3028e+02  0
2012 162 20 54  6.624  4.0759e+02  0
2012 162 22 54 14.112  3.9681e+02  0
2012 163  0 54 20.736  4.0544e+02  0
2012 163  2 54 28.224  4.2002e+02  0
2012 163  4 54 34.848  4.0901e+02  0
2012 163  6 54 42.336  4.0839e+02  0
2012 163  8 54 49.824  4.0521e+02  0
2012 163 10 54 57.312  3.9028e+02  0
2012 163 12 55  3.936  3.9805e+02  0
2012 163 14 55 11.424  4.0304e+02  0
2012 163 16 55 18.048  4.1077e+02  0
2012 163 18 55 24.672  4.1704e+02  0
2012 163 20 55 33.024  4.3430e+02  0
2012 163 22 55 39.648  4.2143e+02  0
2012 164  0 55 47.136  4.1998e+02  0
2012 164  2 55 53.760  4.2597e+02  0
2012 164  4 56  1.248  4.2249e+02  0
2012 164  6 56  7.872  4.0851e+02  0
2012 164  8 56 16.224  3.9695e+02  0
2012 164 10 56 22.848  3.7868e+02  0
2012 164 12 56 30.336  3.8103e+02  0
2012 164 14 56 36.960  3.8404e+02  0
2012 164 16 56 43.584  4.1406e+02  0
2012 164 18 56 51.936  4.2584e+02  0
2012 164 20 56 59.424  4.2738e+02  0
2012 164 22 57  6.048  3.8783e+02  0
2012 165  0 57 12.672  3.6914e+02  0
2012 165  2 57 20.160  3.7375e+02  0
2012 165  4 57 26.784  3.7602e+02  0
2012 165  6 57 35.136  3.6447e+02  0
2012 165  8 57 41.760  3.7638e+02  0
2012 165 10 57 49.248  4.1186e+02  0
2012 165 12 57 55.872  3.8851e+02  0
2012 165 14 58 14.592  3.8960e+02  0
2012 165 16 58 22.080  3.9288e+02  0
2012 165 18 58 29.568  4.0067e+02  0
2012 165 20 58 37.056  3.9181e+02  0
2012 165 22 58 43.680  3.9883e+02  0
2012 166  0 58 51.168  4.0036e+02  0
2012 166  2 58 57.792  3.9821e+02  0
2012 166  4 59  5.280  4.0033e+02  0
2012 166  6 59 12.768  4.0148e+02  0
2012 166  8 59 20.256  3.9950e+02  0
2012 166 10 59 26.880  3.9999e+02  0
2012 166 12 59 34.368  3.9059e+02  0
2012 166 14 59 40.992  3.7781e+02  0
2012 166 16 59 47.616  3.6168e+02  0
2012 166 18 59 55.968  3.6228e+02  0
2012 166 21  0  2.592  3.5004e+02  0
2012 166 23  0 10.080  3.4475e+02  0
2012 167  1  0 16.704  3.4628e+02  0
2012 167  3  0 24.192  3.4273e+02  0
2012 167  5  0 31.680  3.4031e+02  0
2012 167  7  0 39.168  3.3358e+02  0
2012 167  9  0 45.792  3.3788e+02  0
2012 167 11  0 53.280  3.3687e+02  0
2012 167 13  0 59.904  3.1028e+02  0
2012 167 15  1  7.392  3.0997e+02  0
2012 167 17  1 14.880  3.1259e+02  0
2012 167 19  1 22.368  3.1346e+02  0
2012 167 21  1 28.992  3.1075e+02  0
2012 167 23  1 35.616  3.1042e+02  0
2012 168  1  1 43.104  3.1004e+02  0
2012 168  3  1 49.728  3.1152e+02  0
2012 168  5  1 58.080  3.1290e+02  0
2012 168  7  2  4.704  3.1082e+02  0
2012 168  9  2 12.192  4.1532e+02  0
2012 168 11  2 18.816  4.0731e+02  0
2012 168 13  2 26.304  4.0453e+02  0
2012 168 15  2 32.928  4.0790e+02  0
2012 168 17  2 41.280  4.1417e+02  0
2012 168 19  2 47.904  4.9983e+02  0
2012 168 21  2 55.392  5.3462e+02  0
2012 168 23  3  2.016  5.3678e+02  0
2012 169  1  3  8.640  4.7625e+02  0
2012 169  3  3 16.128  4.4138e+02  0
2012 169  5  3 23.616  4.2355e+02  0
2012 169  7  3 31.104  4.2225e+02  0
2012 169  9  3 37.728  4.2670e+02  0
2012 169 11  3 45.216  4.2578e+02  0
2012 169 13  3 51.840  4.3352e+02  0
2012 169 15  4  0.192  4.3305e+02  0
2012 169 17  4  6.816  4.3888e+02  0
2012 169 19  4 14.304  4.4400e+02  0
2012 169 21  4 20.928  4.4623e+02  0
2012 169 23  4 28.416  4.3147e+02  0
2012 170  1  4 35.040  4.3188e+02  0
2012 170  3  4 43.392  4.3900e+02  0
2012 170  5  4 50.016  4.4979e+02  0
2012 170  7  4 56.640  4.4288e+02  0
2012 170  9  5  4.128  4.4517e+02  0
2012 170 11  5 10.752  4.6205e+02  0
2012 170 13  5 18.240  4.4501e+02  0
2012 170 15  5 25.728  4.5741e+02  0
2012 170 17  5 33.216  4.7302e+02  0
2012 170 19  5 39.840  5.9563e+02  0
2012 170 21  5 47.328  5.6612e+02  0
2012 170 23  5 53.952  5.6260e+02  0
2012 171  1  6  0.576  5.7363e+02  0
2012 171  3  6  8.928  5.8141e+02  0
2012 171  5  6 16.416  5.6747e+02  0
2012 171  7  6 23.040  6.0026e+02  0
2012 171  9  6 29.664  5.6464e+02  0
2012 171 11  6 37.152  5.5768e+02  0
2012 171 13  6 43.776  5.4534e+02  0
2012 171 15  6 52.128  3.6718e+02  0
2012 171 17  6 58.752  3.7670e+02  0
2012 171 19  7  6.240  3.9621e+02  0
2012 171 21  7 12.864  4.0538e+02  0
2012 171 23  7 20.352  4.0459e+02  0
2012 172  1  7 26.976  4.0248e+02  0
2012 172  3  7 35.328  3.8782e+02  0
2012 172  5  7 41.952  3.7398e+02  0
2012 172  7  7 48.576  3.6397e+02  0
2012 172  9  7 56.064  3.6831e+02  0
2012 172 11  8  2.688  3.9580e+02  0
2012 172 13  8 10.176  3.6217e+02  0
2012 172 15  8 17.664  3.6561e+02  0
2012 172 17  8 25.152  3.6382e+02  0
2012 172 19  8 31.776  3.4194e+02  0
2012 172 21  8 39.264  3.5073e+02  0
2012 172 23  8 45.888  3.5469e+02  0
2012 173  1  8 53.376  3.9786e+02  0
2012 173  3  9  0.864  3.7881e+02  0
2012 173  5  9  8.352  3.5198e+02  0
2012 173  7  9 14.976  4.0079e+02  0
2012 173  9  9 21.600  4.3020e+02  0
2012 173 11  9 29.088  4.5117e+02  0
2012 173 13  9 35.712  4.4789e+02  0
2012 173 15  9 44.064  5.0918e+02  0
2012 173 17  9 50.688  4.1693e+02  0
2012 173 19  9 58.176  4.0970e+02  0
2012 173 21 10  4.800  4.2761e+02  0
2012 173 23 10 12.288  4.2876e+02  0
2012 174  1 10 18.912  4.3954e+02  0
2012 174  3 10 27.264  4.4808e+02  0
2012 174  5 10 33.888  4.6250e+02  0
2012 174  7 10 41.376  4.5328e+02  0
2012 174  9 10 48.000  4.8102e+02  0
2012 174 11 10 54.624  4.9973e+02  0
2012 174 13 11 14.208  4.8975e+02  0
2012 174 15 11 21.696  4.8028e+02  0
2012 174 17 11 29.184  4.7407e+02  0
2012 174 19 11 36.672  4.6628e+02  0
2012 174 21 11 45.024  4.5822e+02  0
2012 174 23 11 53.376  4.5290e+02  0
2012 175  1 12  0.000  4.4570e+02  0
2012 175  3 12  8.352  4.4004e+02  0
2012 175  5 12 15.840  4.2661e+02  0
2012 175  7 12 24.192  4.2152e+02  0
2012 175  9 12 30.816  4.0062e+02  0
2012 175 11 12 39.168  3.9275e+02  0
2012 175 13 12 46.656  3.9309e+02  0
2012 175 15 12 55.008  4.1312e+02  0
2012 175 17 13  1.632  4.2157e+02  0
2012 175 19 13  9.984  4.1713e+02  0
2012 175 21 13 18.336  4.0967e+02  0
2012 175 23 13 25.824  4.0493e+02  0
2012 176  1 13 33.312  3.9396e+02  0
2012 176  3 13 40.800  3.7067e+02  0
2012 176  5 13 49.152  3.6560e+02  0
2012 176  7 13 56.640  3.6731e+02  0
2012 176  9 14  4.128  3.6123e+02  0
2012 176 11 14 11.616  3.6125e+02  0
2012 176 13 14 19.968  3.6732e+02  0
2012 176 15 14 28.320  3.6483e+02  0
2012 176 17 14 34.944  3.6752e+02  0
2012 176 19 14 43.296  3.6547e+02  0
2012 176 21 14 50.784  3.6534e+02  0
2012 176 23 14 59.136  3.5661e+02  0
2012 177  1 15  5.760  3.6392e+02  0
2012 177  3 15 14.112  3.5894e+02  0
2012 177  5 15 21.600  3.6286e+02  0
2012 177  7 15 29.952  3.5144e+02  0
2012 177  9 15 36.576  3.4713e+02  0
2012 177 11 15 44.928  3.7060e+02  0
2012 177 13 15 53.280  4.0236e+02  0
2012 177 15 15 59.904  4.5427e+02  0
2012 177 17 16  8.256  4.5488e+02  0
2012 177 19 16 15.744  4.5512e+02  0
2012 177 21 16 24.096  4.4883e+02  0
2012 177 23 16 30.720  4.4583e+02  0
2012 178  1 16 39.072  4.5410e+02  0
2012 178  3 16 47.424  4.6890e+02  0
2012 178  5 16 54.912  4.6486e+02  0
2012 178  7 17  2.400  4.6110e+02  0
2012 178  9 17  9.888  4.5759e+02  0
2012 178 11 17 18.240  4.5322e+02  0
2012 178 13 17 25.728  4.5338e+02  0
2012 178 15 17 33.216  4.4816e+02  0
2012 178 17 17 40.704  4.2315e+02  0
2012 178 19 17 49.056  3.8977e+02  0
2012 178 21 17 55.680  3.8243e+02  0
2012 178 23 18  4.032  3.7495e+02  0
2012 179  1 18 12.384  3.7586e+02  0
2012 179  3 18 19.872  3.8345e+02  0
2012 179  5 18 27.360  3.9067e+02  0
2012 179  7 18 34.848  3.9365e+02  0
2012 179  9 18 43.200  4.0035e+02  0
2012 179 11 18 50.688  4.1298e+02  0
2012 179 13 18 58.176  4.4536e+02  0
2012 179 15 19  5.664  4.6136e+02  0
2012 179 17 19 14.016  4.7410e+02  0
2012 179 19 19 22.368  4.8342e+02  0
2012 179 21 19 28.992  4.9733e+02  0
2012 179 23 19 37.344  5.0141e+02  0
2012 180  1 19 44.832  4.9909e+02  0
2012 180  3 19 52.320  4.8622e+02  0
2012 180  5 19 59.808  4.8196e+02  0
2012 180  7 20  8.160  4.6981e+02  0
2012 180  9 20 15.648  4.5995e+02  0
2012 180 11 20 23.136  4.5163e+02  0
2012 180 13 20 30.624  4.1825e+02  0
2012 180 15 20 38.976  4.1178e+02  0
2012 180 17 20 47.328  4.0906e+02  0
2012 180 19 20 53.952  4.0439e+02  0
2012 180 21 21  2.304  4.2579e+02  0
2012 180 23 21  9.792  4.2763e+02  0
2012 181  1 21 17.280  4.2250e+02  0
2012 181  3 21 24.768  4.1612e+02  0
2012 181  5 21 33.120  4.1414e+02  0
2012 181  7 21 40.608  4.1030e+02  0
2012 181  9 21 48.096  4.0547e+02  0
2012 181 11 21 55.584  3.9733e+02  0
2012 181 13 22  3.936  3.9615e+02  0
2012 181 15 22 11.424  3.8413e+02  0
2012 181 17 22 18.912  3.8429e+02  0
2012 181 19 22 27.264  3.9929e+02  0
2012 181 21 22 34.752  4.0028e+02  0
2012 181 23 22 42.240  3.9908e+02  0
2012 182  1 22 49.728  4.0975e+02  0
2012 182  3 22 58.080  4.2323e+02  0
2012 182  5 23  6.432  4.4569e+02  0
2012 182  7 23 13.056  5.3048e+02  0
2012 182  9 23 21.408  6.4500e+02  0
2012 182 11 23 28.896  6.5544e+02  0
2012 182 13 23 36.384  6.5621e+02  0
2012 182 15 23 43.872  6.8976e+02  0
2012 182 17 23 52.224  6.9630e+02  0
2012 182 19 24 11.808  6.8170e+02  0
2012 182 21 24 19.296  6.7672e+02  0
2012 182 23 24 26.784  6.7683e+02  0
2012 183  1 24 35.136  6.7620e+02  0
2012 183  3 24 41.760  6.7407e+02  0
2012 183  5 24 50.112  6.7957e+02  0
2012 183  7 24 57.600  6.7865e+02  0
2012 183  9 25  5.952  6.7047e+02  0
2012 183 11 25 12.576  6.5995e+02  0
2012 183 13 25 20.928  6.6134e+02  0
2012 183 15 25 29.280  6.6298e+02  0
2012 183 17 25 35.904  6.5147e+02  0
2012 183 19 25 44.256  6.4863e+02  0
2012 183 21 25 51.744  6.4887e+02  0
2012 183 23 26  0.096  6.6037e+02  0
2012 184  1 26  6.720  6.8755e+02  0
2012 184  3 26 15.072  6.8339e+02  0
2012 184  5 26 23.424  6.7369e+02  0
2012 184  7 26 30.048  6.6727e+02  0
2012 184  9 26 38.400  6.4649e+02  0
2012 184 11 26 45.888  6.4918e+02  0
2012 184 13 26 54.240  6.4905e+02  0
2012 184 15 27  0.864  6.4896e+02  0
2012 184 17 27  9.216  6.5951e+02  0
2012 184 19 27 16.704  6.5954e+02  0
2012 184 21 27 25.056  6.5082e+02  0
2012 184 23 27 31.680  6.3286e+02  0
2012 185  1 27 40.032  6.0999e+02  0
2012 185  3 27 48.384  5.9964e+02  0
2012 185  5 27 55.008  5.8594e+02  0
2012 185  7 28  3.360  5.7911e+02  0
2012 185  9 28 10.848  5.6835e+02  0
2012 185 11 28 19.200  5.6274e+02  0
2012 185 13 28 25.824  5.6054e+02  0
2012 185 15 28 34.176  5.5574e+02  0
2012 185 17 28 41.664  5.5359e+02  0
2012 185 19 28 49.152  5.5375e+02  0
2012 185 21 28 56.640  5.6454e+02  0
2012 185 23 29  4.992  5.6375e+02  0
2012 186  1 29 13.344  5.6726e+02  0
2012 186  3 29 19.968  5.6982e+02  0
2012 186  5 29 28.320  5.5177e+02  0
2012 186  7 29 35.808  5.3410e+02  0
2012 186  9 29 43.296  5.3601e+02  0
2012 186 11 29 50.784  5.2955e+02  0
2012 186 13 29 59.136  5.2442e+02  0
2012 186 15 30  6.624  5.2302e+02  0
2012 186 17 30 14.112  5.2971e+02  0
2012 186 19 30 21.600  5.4305e+02  0
2012 186 21 30 29.952  5.2159e+02  0
2012 186 23 30 36.576  4.9140e+02  0
2012 187  1 30 44.928  4.8007e+02  0
2012 187  3 30 53.280  4.7616e+02  0
2012 187  5 30 59.904  4.8333e+02  0
2012 187  7 31  8.256  4.9584e+02  0
2012 187  9 31 15.744  4.9507e+02  0
2012 187 11 31 24.096  4.8785e+02  0
2012 187 13 31 30.720  4.8119e+02  0
2012 187 15 31 39.072  4.7119e+02  0
2012 187 17 31 47.424  4.9413e+02  0
2012 187 19 31 54.048  4.7792e+02  0
2012 187 21 32  2.400  4.6076e+02  0
2012 187 23 32  9.888  4.4904e+02  0
2012 188  1 32 18.240  4.3623e+02  0
2012 188  3 32 24.864  4.2835e+02  0
2012 188  5 32 33.216  4.3278e+02  0
2012 188  7 32 40.704  4.5685e+02  0
2012 188  9 32 48.192  4.6311e+02  0
2012 188 11 32 55.680  4.4801e+02  0
2012 188 13 33  4.032  4.3824e+02  0
2012 188 15 33 12.384  4.5558e+02  0
2012 188 17 33 19.008  5.1934e+02  0
2012 188 19 33 27.360  5.0597e+02  0
2012 188 21 33 34.848  4.8028e+02  0
2012 188 23 33 42.336  4.8205e+02  0
2012 189  1 33 49.824  4.7627e+02  0
2012 189  3 33 58.176  4.8026e+02  0
2012 189  5 34  4.800  4.7227e+02  0
2012 189  7 34 13.152  4.6613e+02  0
2012 189  9 34 20.640  4.5961e+02  0
2012 189 11 34 28.992  4.5496e+02  0
2012 189 13 34 35.616  4.4353e+02  0
2012 189 15 34 43.968  4.3232e+02  0
2012 189 17 34 52.320  4.2777e+02  0
2012 189 19 34 58.944  4.1760e+02  0
2012 189 21 35 19.392  4.3242e+02  0
2012 189 23 35 26.880  4.3568e+02  0
2012 190  1 35 35.232  4.2067e+02  0
2012 190  3 35 41.856  4.0986e+02  0
2012 190  5 35 50.208  3.9281e+02  0
2012 190  7 35 57.696  4.0172e+02  0
2012 190  9 36  5.184  4.0853e+02  0
2012 190 11 36 12.672  4.1080e+02  0
2012 190 13 36 21.024  4.5457e+02  0
2012 190 15 36 27.648  4.4038e+02  0
2012 190 17 36 36.000  4.4161e+02  0
2012 190 19 36 44.352  4.4421e+02  0
2012 190 21 36 51.840  4.3992e+02  0
2012 190 23 36 59.328  4.3483e+02  0
2012 191  1 37  6.816  4.2151e+02  0
2012 191  3 37 15.168  4.1911e+02  0
2012 191  5 37 21.792  4.1202e+02  0
2012 191  7 37 30.144  3.9910e+02  0
2012 191  9 37 37.632  3.8772e+02  0
2012 191 11 37 45.984  3.8479e+02  0
2012 191 13 37 52.608  4.0296e+02  0
2012 191 15 38  0.960  4.0042e+02  0
2012 191 17 38  9.312  3.9254e+02  0
2012 191 19 38 15.936  3.9771e+02  0
2012 191 21 38 24.288  4.7792e+02  0
2012 191 23 38 31.776  4.1976e+02  0
2012 192  1 38 39.264  4.2253e+02  0
2012 192  3 38 46.752  4.1938e+02  0
2012 192  5 38 55.104  4.2776e+02  0
2012 192  7 39  2.592  4.3684e+02  0
2012 192  9 39 10.080  4.6526e+02  0
2012 192 11 39 17.568  4.7288e+02  0
2012 192 13 39 25.920  4.9588e+02  0
2012 192 15 39 33.408  5.0259e+02  0
2012 192 17 39 40.896  5.1471e+02  0
2012 192 19 39 49.248  5.1410e+02  0
2012 192 21 39 56.736  5.0491e+02  0
2012 192 23 40  4.224  5.0526e+02  0
2012 193  1 40 11.712  5.1155e+02  0
2012 193  3 40 20.064  5.2401e+02  0
2012 193  5 40 26.688  5.3512e+02  0
2012 193  7 40 35.040  5.3743e+02  0
2012 193  9 40 43.392  5.3601e+02  0
2012 193 11 40 50.016  5.1710e+02  0
2012 193 13 40 58.368  5.1273e+02  0
2012 193 15 41  5.856  4.9962e+02  0
2012 193 17 41 14.208  5.0323e+02  0
2012 193 19 41 20.832  5.0533e+02  0
2012 193 21 41 29.184  5.0548e+02  0
2012 193 23 41 36.672  4.9837e+02  0
2012 194  1 41 44.160  4.8426e+02  0
2012 194  3 41 51.648  4.6491e+02  0
2012 194  5 42  0.000  4.5858e+02  0
2012 194  7 42  6.624  4.4197e+02  0
2012 194  9 42 14.976  4.3394e+02  0
2012 194 11 42 23.328  4.2576e+02  0
2012 194 13 42 30.816  4.1565e+02  0
2012 194 15 42 38.304  4.1525e+02  0
2012 194 17 42 45.792  4.1013e+02  0
2012 194 19 42 54.144  4.0296e+02  0
2012 194 21 43  3.360  3.9511e+02  0
2012 194 23 43 10.848  3.8864e+02  0
2012 195  1 43 19.200  3.8048e+02  0
2012 195  3 43 26.688  3.7303e+02  0
2012 195  5 43 35.904  3.6291e+02  0
2012 195  7 43 44.256  3.5522e+02  0
2012 195  9 43 51.744  3.5605e+02  0
2012 195 11 44  0.960  3.5914e+02  0
2012 195 13 44  9.312  3.6158e+02  0
2012 195 15 44 16.800  3.8300e+02  0
2012 195 17 44 25.152  4.0608e+02  0
2012 195 19 44 34.368  3.4808e+02  0
2012 195 21 44 41.856  3.4199e+02  0
2012 195 23 44 50.208  3.3885e+02  0
2012 196  1 44 59.424  3.3953e+02  0
2012 196  3 45  6.912  3.4026e+02  0
2012 196  5 45 15.264  3.3070e+02  0
2012 196  7 45 22.752  3.2856e+02  0
2012 196  9 45 31.968  3.3951e+02  0
2012 196 11 45 40.320  3.4876e+02  0
2012 196 13 45 47.808  3.6265e+02  0
2012 196 15 45 57.024  5.9900e+02  0
2012 196 17 46  5.376  6.4709e+02  0
2012 196 19 46 12.864  5.9747e+02  0
2012 196 21 46 21.216  6.6956e+02  0
2012 196 23 46 30.432  6.9121e+02  0
2012 197  1 46 37.920  6.8167e+02  0
2012 197  3 46 46.272  6.2828e+02  0
2012 197  5 46 54.624  6.0708e+02  0
2012 197  7 47  2.976  6.0831e+02  0
2012 197  9 47 11.328  5.8019e+02  0
2012 197 11 47 18.816  5.6137e+02  0
2012 197 13 47 28.032  5.5640e+02  0
2012 197 15 47 36.384  5.4774e+02  0
2012 197 17 47 43.872  5.2993e+02  0
2012 197 19 47 53.088  5.1060e+02  0
2012 197 21 48  0.576  5.0924e+02  0
2012 197 23 48  8.928  4.9081e+02  0
2012 198  1 48 17.280  4.9375e+02  0
2012 198  3 48 25.632  4.7423e+02  0
2012 198  5 48 33.984  4.6510e+02  0
2012 198  7 48 42.336  4.4946e+02  0
2012 198  9 48 49.824  4.1458e+02  0
2012 198 11 48 59.040  4.1149e+02  0
2012 198 13 49  7.392  4.3129e+02  0
2012 198 15 49 14.880  4.3121e+02  0
2012 198 17 49 23.232  4.4911e+02  0
2012 198 19 49 31.584  4.3957e+02  0
2012 198 21 49 39.936  4.3995e+02  0
2012 198 23 49 48.288  4.3594e+02  0
2012 199  1 49 56.640  4.1187e+02  0
2012 199  3 50  4.992  4.5668e+02  0
2012 199  5 50 13.344  4.4349e+02  0
2012 199  7 50 20.832  5.2021e+02  0
2012 199  9 50 30.048  5.4986e+02  0
2012 199 11 50 38.400  5.4837e+02  0
2012 199 13 50 45.888  5.4960e+02  0
2012 199 15 50 54.240  5.3519e+02  0
2012 199 17 51  2.592  5.2479e+02  0
2012 199 19 51 10.944  5.1668e+02  0
2012 199 21 51 19.296  4.9979e+02  0
2012 199 23 51 26.784  4.8545e+02  0
2012 200  1 51 36.000  4.9573e+02  0
2012 200  3 51 44.352  5.4211e+02  0
2012 200  5 51 51.840  5.4340e+02  0
2012 200  7 52  0.192  5.3618e+02  0
2012 200  9 52  9.408  5.2792e+02  0
2012 200 11 52 16.896  5.1757e+02  0
2012 200 13 52 25.248  5.0892e+02  0
2012 200 15 52 33.600  4.7106e+02  0
2012 200 17 52 41.952  4.6321e+02  0
2012 200 19 52 50.304  4.6443e+02  0
2012 200 21 52 57.792  4.5615e+02  0
2012 200 23 53  7.008  4.3249e+02  0
2012 201  1 53 15.360  4.3281e+02  0
2012 201  3 53 22.848  4.2623e+02  0
2012 201  5 53 31.200  4.2297e+02  0
2012 201  7 53 40.416  4.2229e+02  0
2012 201  9 53 47.904  4.1955e+02  0
2012 201 11 53 56.256  4.1998e+02  0
2012 201 13 54  3.744  4.1330e+02  0
2012 201 15 54 12.960  4.0647e+02  0
2012 201 17 54 21.312  4.0571e+02  0
2012 201 19 54 28.800  4.0009e+02  0
2012 201 21 54 37.152  3.9149e+02  0
2012 201 23 54 46.368  3.8806e+02  0
2012 202  1 54 53.856  3.7909e+02  0
2012 202  3 55  2.208  4.8942e+02  0
2012 202  5 55  9.696  4.6707e+02  0
2012 202  7 55 18.912  4.9185e+02  0
2012 202  9 55 27.264  4.8562e+02  0
2012 202 11 55 34.752  4.5593e+02  0
2012 202 13 55 43.104  4.4507e+02  0
2012 202 15 55 52.320  4.3255e+02  0
2012 202 17 55 59.808  4.1903e+02  0
2012 202 19 56  8.160  4.1302e+02  0
2012 202 21 56 15.648  4.0841e+02  0
2012 202 23 56 24.864  4.2520e+02  0
2012 203  1 56 33.216  4.3858e+02  0
2012 203  3 56 52.800  4.5148e+02  0
2012 203  5 57  2.016  4.5638e+02  0
2012 203  7 57 10.368  4.6927e+02  0
2012 203  9 57 17.856  4.7106e+02  0
2012 203 11 57 26.208  4.6391e+02  0
2012 203 13 57 35.424  4.8009e+02  0
2012 203 15 57 42.912  5.2466e+02  0
2012 203 17 57 51.264  5.1574e+02  0
2012 203 19 57 58.752  5.1201e+02  0
2012 203 21 58  7.968  4.9362e+02  0
2012 203 23 58 16.320  4.8285e+02  0
2012 204  1 58 23.808  4.8836e+02  0
2012 204  3 58 32.160  5.0787e+02  0
2012 204  5 58 41.376  5.0003e+02  0
2012 204  7 58 48.864  4.9615e+02  0
2012 204  9 58 57.216  4.9995e+02  0
2012 204 11 59  4.704  4.9088e+02  0
2012 204 13 59 13.920  4.7851e+02  0
2012 204 15 59 22.272  4.7712e+02  0
2012 204 17 59 29.760  4.7134e+02  0
2012 204 19 59 38.112  4.6201e+02  0
2012 204 21 59 47.328  4.5124e+02  0
2012 204 23 59 54.816  4.4561e+02  0
2012 205  2  0  3.168  4.3993e+02  0
2012 205  4  0 10.656  4.3956e+02  0
2012 205  6  0 19.872  4.4289e+02  0
2012 205  8  0 28.224  4.3414e+02  0
2012 205 10  0 35.712  4.2967e+02  0
2012 205 12  0 44.064  4.3650e+02  0
2012 205 14  0 53.280  4.5951e+02  0
2012 205 16  1  0.768  4.5899e+02  0
2012 205 18  1  9.120  4.5997e+02  0
2012 205 20  1 16.608  4.6395e+02  0
2012 205 22  1 25.824  4.7542e+02  0
2012 206  0  1 34.176  4.7682e+02  0
2012 206  2  1 41.664  5.0037e+02  0
2012 206  4  1 50.016  5.4083e+02  0
2012 206  6  1 59.232  5.6970e+02  0
2012 206  8  2  6.720  5.6374e+02  0
2012 206 10  2 15.072  5.6658e+02  0
2012 206 12  2 23.424  5.5812e+02  0
2012 206 14  2 31.776  5.3900e+02  0
2012 206 16  2 40.128  5.3090e+02  0
2012 206 18  2 47.616  5.2400e+02  0
2012 206 20  2 55.968  5.1766e+02  0
2012 206 22  3  5.184  5.2024e+02  0
2012 207  0  3 12.672  5.2070e+02  0
2012 207  2  3 21.024  5.1392e+02  0
2012 207  4  3 29.376  4.9970e+02  0
2012 207  6  3 37.728  4.8865e+02  0
2012 207  8  3 46.080  4.8034e+02  0
2012 207 10  3 54.432  4.7083e+02  0
2012 207 12  4  1.920  4.6683e+02  0
2012 207 14  4 11.136  4.4823e+02  0
2012 207 16  4 18.624  4.4286e+02  0
2012 207 18  4 26.976  4.3336e+02  0
2012 207 20  4 35.328  4.2274e+02  0
2012 207 22  4 43.680  4.1333e+02  0
2012 208  0  4 52.032  4.0128e+02  0
2012 208  2  5  0.384  3.9507e+02  0
2012 208  4  5  7.872  3.9682e+02  0
2012 208  6  5 16.224  3.9082e+02  0
2012 208  8  5 24.576  3.7019e+02  0
2012 208 10  5 32.928  3.5347e+02  0
2012 208 12  5 41.280  3.4400e+02  0
2012 208 14  5 48.768  3.5772e+02  0
2012 208 16  5 57.984  3.5241e+02  0
2012 208 18  6  6.336  3.4576e+02  0
2012 208 20  6 13.824  3.4646e+02  0
2012 208 22  6 22.176  3.4262e+02  0
2012 209  0  6 31.392  3.3400e+02  0
2012 209  2  6 38.880  3.5144e+02  0
2012 209  4  6 47.232  3.5212e+02  0
2012 209  6  6 54.720  3.4954e+02  0
2012 209  8  7  3.936  3.3680e+02  0
2012 209 10  7 12.288  3.3576e+02  0
2012 209 12  7 19.776  3.3604e+02  0
2012 209 14  7 28.128  3.3134e+02  0
2012 209 16  7 37.344  3.3422e+02  0
2012 209 18  7 44.832  3.3478e+02  0
2012 209 20  7 53.184  3.5102e+02  0
2012 209 22  8  0.672  3.4972e+02  0
2012 210  0  8  9.024  3.5575e+02  0
2012 210  2  8 18.240  3.4835e+02  0
2012 210  4  8 25.728  3.6566e+02  0
2012 210  6  8 34.080  3.5653e+02  0
2012 210  8  8 42.432  3.5722e+02  0
2012 210 10  8 50.784  3.4911e+02  0
2012 210 12  8 59.136  3.3261e+02  0
2012 210 14  9  6.624  3.2067e+02  0
2012 210 16  9 14.976  3.2576e+02  0
2012 210 18  9 24.192  3.3904e+02  0
2012 210 20  9 31.680  3.4671e+02  0
2012 210 22  9 40.032  3.6104e+02  0
2012 211  0  9 48.384  3.5297e+02  0
2012 211  2  9 56.736  3.6735e+02  0
2012 211  4 10  5.088  3.8071e+02  0
2012 211  6 10 12.576  3.9112e+02  0
2012 211  8 10 20.928  4.0756e+02  0
2012 211 10 10 29.280  4.2856e+02  0
2012 211 12 10 37.632  4.2634e+02  0
2012 211 14 10 45.984  4.1932e+02  0
2012 211 16 10 54.336  3.9118e+02  0
2012 211 18 11  1.824  3.7799e+02  0
2012 211 20 11 11.040  3.7499e+02  0
2012 211 22 11 19.392  3.8412e+02  0
2012 212  0 11 26.880  4.0332e+02  0
2012 212  2 11 35.232  3.9680e+02  0
2012 212  4 11 43.584  4.0493e+02  0
2012 212  6 11 51.936  4.0526e+02  0
2012 212  8 12  0.288  4.4359e+02  0
2012 212 10 12  7.776  4.4126e+02  0
2012 212 12 12 16.128  4.4321e+02  0
2012 212 14 12 25.344  4.4728e+02  0
2012 212 16 12 32.832  4.3551e+02  0
2012 212 18 12 41.184  4.9729e+02  0
2012 212 20 12 48.672  4.7046e+02  0
2012 212 22 12 57.888  4.3056e+02  0
2012 213  0 13  6.240  4.1323e+02  0
2012 213  2 13 13.728  4.0388e+02  0
2012 213  4 13 22.080  3.8710e+02  0
2012 213  6 13 31.296  3.7290e+02  0
2012 213  8 13 38.784  3.8378e+02  0
2012 213 10 13 47.136  3.8665e+02  0
2012 213 12 13 54.624  4.0045e+02  0
2012 213 14 14  2.976  4.0707e+02  0
2012 213 16 14 12.192  4.1350e+02  0
2012 213 18 14 19.680  4.1375e+02  0
2012 213 20 14 28.032  4.1186e+02  0
2012 213 22 14 36.384  4.1219e+02  0
2012 214  0 14 44.736  4.1169e+02  0
2012 214  2 14 53.088  4.1785e+02  0
2012 214  4 15  0.576  4.2726e+02  0
2012 214  6 15  8.928  4.1837e+02  0
2012 214  8 15 17.280  4.1262e+02  0
2012 214 10 15 25.632  3.9991e+02  0
2012 214 12 15 33.984  4.0103e+02  0
2012 214 14 15 42.336  3.9974e+02  0
2012 214 16 15 49.824  4.0195e+02  0
2012 214 18 15 59.040  4.0239e+02  0
2012 214 20 16  7.392  3.9375e+02  0
2012 214 22 16 14.880  3.8592e+02  0
2012 215  0 16 23.232  3.8726e+02  0
2012 215  2 16 31.584  3.7505e+02  0
2012 215  4 16 39.936  3.7768e+02  0
2012 215  6 16 48.288  3.8825e+02  0
2012 215  8 16 55.776  3.8379e+02  0
2012 215 10 17  4.128  3.9616e+02  0
2012 215 12 17 13.344  4.4609e+02  0
2012 215 14 17 20.832  4.5262e+02  0
2012 215 16 17 29.184  4.5334e+02  0
2012 215 18 17 38.400  4.6331e+02  0
2012 215 20 17 46.752  4.8781e+02  0
2012 215 22 17 55.104  4.8537e+02  0
2012 216  0 18  4.320  4.7999e+02  0
2012 216  2 18 12.672  4.8046e+02  0
2012 216  4 18 21.888  4.8247e+02  0
2012 216  6 18 30.240  4.8259e+02  0
2012 216  8 18 38.592  4.8090e+02  0
2012 216 10 18 47.808  4.7847e+02  0
2012 216 12 18 57.024  4.7669e+02  0
2012 216 14 19  5.376  4.7615e+02  0
2012 216 16 19 13.728  4.6869e+02  0
2012 216 18 19 22.944  4.6055e+02  0
2012 216 20 19 32.160  4.5187e+02  0
2012 216 22 19 39.648  4.4599e+02  0
2012 217  0 19 48.864  4.3535e+02  0
2012 217  2 19 58.080  4.2956e+02  0
2012 217  4 20  7.296  4.2252e+02  0
2012 217  6 20 14.784  4.1904e+02  0
2012 217  8 20 24.000  4.2431e+02  0
2012 217 10 20 33.216  4.2208e+02  0
2012 217 12 20 42.432  4.1393e+02  0
2012 217 14 20 49.920  3.8813e+02  0
2012 217 16 20 59.136  3.8284e+02  0
2012 217 18 21  8.352  3.7729e+02  0
2012 217 20 21 16.704  3.6183e+02  0
2012 217 22 21 25.056  3.6023e+02  0
2012 218  0 21 34.272  3.5329e+02  0
2012 218  2 21 42.624  3.4820e+02  0
2012 218  4 21 51.840  3.4580e+02  0
2012 218  6 22  0.192  3.4967e+02  0
2012 218  8 22  9.408  3.4836e+02  0
2012 218 10 22 17.760  3.5007e+02  0
2012 218 12 22 26.976  3.4489e+02  0
2012 218 14 22 35.328  3.3623e+02  0
2012 218 16 22 43.680  3.3699e+02  0
2012 218 18 22 52.896  3.3379e+02  0
2012 218 20 23  2.112  3.3557e+02  0
2012 218 22 23  9.600  3.4003e+02  0
2012 219  0 23 18.816  3.3911e+02  0
2012 219  2 23 28.032  3.3247e+02  0
2012 219  4 23 37.248  3.4845e+02  0
2012 219  6 23 44.736  3.4200e+02  0
2012 219  8 23 53.952  3.3792e+02  0
2012 219 10 24  3.168  3.4604e+02  0
2012 219 12 24 12.384  3.5161e+02  0
2012 219 14 24 19.872  3.4420e+02  0
2012 219 16 24 29.088  3.7152e+02  0
2012 219 18 24 38.304  4.0390e+02  0
2012 219 20 24 46.656  3.9890e+02  0
2012 219 22 24 55.008  3.9339e+02  0
2012 220  0 25  4.224  3.8651e+02  0
2012 220  2 25 12.576  4.0099e+02  0
2012 220  4 25 21.792  4.1363e+02  0
2012 220  6 25 30.144  4.0144e+02  0
2012 220  8 25 39.360  3.9401e+02  0
2012 220 10 25 47.712  3.8881e+02  0
2012 220 12 25 56.928  3.7834e+02  0
2012 220 14 26  5.280  3.8512e+02  0
2012 220 16 26 13.632  3.8794e+02  0
2012 220 18 26 22.848  3.9283e+02  0
2012 220 20 26 32.064  4.1877e+02  0
2012 220 22 26 40.416  4.1447e+02  0
2012 221  0 26 48.768  4.1734e+02  0
2012 221  2 26 57.984  4.4308e+02  0
2012 221  4 27  7.200  4.4226e+02  0
2012 221  6 27 14.688  4.2372e+02  0
2012 221  8 27 23.904  4.1360e+02  0
2012 221 10 27 33.120  3.9743e+02  0
2012 221 12 27 40.608  3.9767e+02  0
2012 221 14 27 49.824  3.8785e+02  0
2012 221 16 27 59.040  3.5878e+02  0
2012 221 18 28  8.256  3.6360e+02  0
2012 221 20 28 15.744  3.6705e+02  0
2012 221 22 28 24.960  3.6749e+02  0
2012 222  0 28 34.176  3.6195e+02  0
2012 222  2 28 43.392  3.6856e+02  0
2012 222  4 28 50.880  3.4985e+02  0
2012 222  6 29  0.096  3.4930e+02  0
2012 222  8 29  9.312  3.4891e+02  0
2012 222 10 29 17.664  3.3125e+02  0
2012 222 12 29 26.016  3.2434e+02  0
2012 222 14 29 35.232  3.3036e+02  0
2012 222 16 29 43.584  3.3308e+02  0
2012 222 18 29 52.800  3.3165e+02  0
2012 222 20 30  1.152  3.2975e+02  0
2012 222 22 30 10.368  3.3337e+02  0
2012 223  0 30 18.720  3.2833e+02  0
2012 223  2 30 27.936  3.2823e+02  0
2012 223  4 30 36.288  3.4260e+02  0
2012 223  6 30 44.640  3.2541e+02  0
2012 223  8 30 53.856  3.1704e+02  0
2012 223 10 31  3.072  3.1686e+02  0
2012 223 12 31 11.424  3.1481e+02  0
2012 223 14 31 19.776  3.1165e+02  0
2012 223 16 31 28.992  3.0174e+02  0
2012 223 18 31 38.208  3.0234e+02  0
2012 223 20 31 45.696  3.1484e+02  0
2012 223 22 31 54.912  3.2465e+02  0
2012 224  0 32  4.128  3.2435e+02  0
2012 224  2 32 13.344  3.2101e+02  0
2012 224  4 32 20.832  3.1213e+02  0
2012 224  6 32 30.048  3.1783e+02  0
2012 224  8 32 39.264  3.1767e+02  0
2012 224 10 32 47.616  3.3480e+02  0
2012 224 12 32 55.968  3.3800e+02  0
2012 224 14 33  5.184  3.2058e+02  0
2012 224 16 33 14.400  3.0619e+02  0
2012 224 18 33 22.752  3.2171e+02  0
2012 224 20 33 31.104  3.2721e+02  0
2012 224 22 33 40.320  3.4515e+02  0
2012 225  0 33 48.672  3.3192e+02  0
2012 225  2 33 57.024  3.3709e+02  0
2012 225  4 34  6.240  3.7324e+02  0
2012 225  6 34 14.592  3.7076e+02  0
2012 225  8 34 23.808  3.6259e+02  0
2012 225 10 34 32.160  3.5596e+02  0
2012 225 12 34 41.376  3.5734e+02  0
2012 225 14 34 49.728  3.6624e+02  0
2012 225 16 34 58.944  3.6441e+02  0
2012 225 18 35  7.296  3.7202e+02  0
2012 225 20 35 15.648  3.8542e+02  0
2012 225 22 35 24.864  4.0231e+02  0
2012 226  0 35 34.080  4.0938e+02  0
2012 226  2 35 42.432  4.0181e+02  0
2012 226  4 35 50.784  4.2321e+02  0
2012 226  6 36  0.000  4.5894e+02  0
2012 226  8 36  9.216  4.7378e+02  0
2012 226 10 36 16.704  5.0741e+02  0
2012 226 12 36 25.920  5.6024e+02  0
2012 226 14 36 35.136  5.1916e+02  0
2012 226 16 36 44.352  5.0517e+02  0
2012 226 18 36 51.840  4.9653e+02  0
2012 226 20 37  1.056  4.8724e+02  0
2012 226 22 37 10.272  4.8542e+02  0
2012 227  0 37 17.760  4.8662e+02  0
2012 227  2 37 26.976  4.8121e+02  0
2012 227  4 37 36.192  4.8168e+02  0
2012 227  6 37 45.408  4.8296e+02  0
2012 227  8 37 52.896  4.9144e+02  0
2012 227 10 38  2.112  4.8746e+02  0
2012 227 12 38 11.328  4.8524e+02  0
2012 227 14 38 19.680  4.8482e+02  0
2012 227 16 38 28.032  4.8403e+02  0
2012 227 18 38 37.248  4.8227e+02  0
2012 227 20 38 45.600  4.8154e+02  0
2012 227 22 38 54.816  4.7489e+02  0
2012 228  0 39  3.168  4.7532e+02  0
2012 228  2 39 12.384  4.6544e+02  0
2012 228  4 39 20.736  4.6228e+02  0
2012 228  6 39 29.088  4.6565e+02  0
2012 228  8 39 38.304  4.6578e+02  0
2012 228 10 39 46.656  4.6305e+02  0
2012 228 12 39 55.872  4.5780e+02  0
2012 228 14 40  4.224  4.4680e+02  0
2012 228 16 40 12.576  4.4496e+02  0
2012 228 18 40 21.792  4.4713e+02  0
2012 228 20 40 31.008  4.6529e+02  0
2012 228 22 40 39.360  4.6917e+02  0
2012 229  0 40 47.712  4.7731e+02  0
2012 229  2 40 56.928  5.0050e+02  0
2012 229  4 41  5.280  5.1487e+02  0
2012 229  6 41 13.632  5.0841e+02  0
2012 229  8 41 22.848  4.9761e+02  0
2012 229 10 41 32.064  4.8786e+02  0
2012 229 12 41 40.416  4.8773e+02  0
2012 229 14 41 48.768  4.7894e+02  0
2012 229 16 41 57.984  4.7114e+02  0
2012 229 18 42  7.200  4.6351e+02  0
2012 229 20 42 14.688  4.6834e+02  0
2012 229 22 42 23.904  4.7396e+02  0
2012 230  0 42 33.120  4.6425e+02  0
2012 230  2 42 40.608  4.4923e+02  0
2012 230  4 42 49.824  4.3430e+02  0
2012 230  6 42 59.040  4.1621e+02  0
2012 230  8 43  8.256  4.0984e+02  0
2012 230 10 43 15.744  4.0645e+02  0
2012 230 12 43 24.960  4.0192e+02  0
2012 230 14 43 34.176  3.9282e+02  0
2012 230 16 43 41.664  3.9192e+02  0
2012 230 18 43 50.880  3.8317e+02  0
2012 230 20 44  0.096  3.7778e+02  0
2012 230 22 44  9.312  3.7166e+02  0
2012 231  0 44 16.800  3.6861e+02  0
2012 231  2 44 26.016  3.7541e+02  0
2012 231  4 44 35.232  3.7676e+02  0
2012 231  6 44 42.720  3.8761e+02  0
2012 231  8 44 51.936  3.8428e+02  0
2012 231 10 45  1.152  3.7631e+02  0
2012 231 12 45 10.368  3.7441e+02  0
2012 231 14 45 17.856  3.7544e+02  0
2012 231 16 45 27.072  3.8043e+02  0
2012 231 18 45 36.288  3.9684e+02  0
2012 231 20 45 43.776  4.0166e+02  0
2012 231 22 45 52.992  4.0319e+02  0
2012 232  0 46  2.208  3.6246e+02  0
2012 232  2 46 11.424  3.6814e+02  0
2012 232  4 46 18.912  3.6873e+02  0
2012 232  6 46 28.128  4.0336e+02  0
2012 232  8 46 37.344  5.0687e+02  0
2012 232 10 46 44.832  5.4839e+02  0
2012 232 12 46 54.048  5.7757e+02  0
2012 232 14 47  3.264  5.7276e+02  0
2012 232 16 47 11.616  5.6650e+02  0
2012 232 18 47 19.968  5.5772e+02  0
2012 232 20 47 29.184  5.8544e+02  0
2012 232 22 47 38.400  6.0351e+02  0
2012 233  0 47 45.888  6.0093e+02  0
2012 233  2 47 55.104  5.9733e+02  0
2012 233  4 48  4.320  5.8812e+02  0
2012 233  6 48 12.672  5.8069e+02  0
2012 233  8 48 21.024  5.7192e+02  0
2012 233 10 48 30.240  5.6771e+02  0
2012 233 12 48 38.592  5.8528e+02  0
2012 233 14 48 46.944  5.6495e+02  0
2012 233 16 48 56.160  5.4966e+02  0
2012 233 18 49  2.784  5.2407e+02  0
2012 233 20 49 11.136  5.0945e+02  0
2012 233 22 49 18.624  4.9698e+02  0
2012 234  0 49 26.976  4.8778e+02  0
2012 234  2 49 35.328  4.7819e+02  0
2012 234  4 49 41.952  4.6290e+02  0
2012 234  6 49 50.304  4.5399e+02  0
2012 234  8 49 57.792  4.5440e+02  0
2012 234 10 50  6.144  4.3520e+02  0
2012 234 12 50 13.632  4.1091e+02  0
2012 234 14 50 21.120  4.0394e+02  0
2012 234 16 50 28.608  4.0392e+02  0
2012 234 18 50 36.960  3.9212e+02  0
2012 234 20 50 45.312  3.8701e+02  0
2012 234 22 50 52.800  3.8415e+02  0
2012 235  0 51  0.288  3.8190e+02  0
2012 235  2 51  7.776  3.7905e+02  0
2012 235  4 51 16.128  3.8214e+02  0
2012 235  6 51 23.616  3.8739e+02  0
2012 235  8 51 31.968  3.7835e+02  0
2012 235 10 51 38.592  3.7704e+02  0
2012 235 12 51 46.944  3.7976e+02  0
2012 235 14 51 55.296  4.0324e+02  0
2012 235 16 52  2.784  4.0923e+02  0
2012 235 18 52 10.272  4.1875e+02  0
2012 235 20 52 17.760  4.1444e+02  0
2012 235 22 52 38.208  4.1780e+02  0
2012 236  0 52 45.696  4.1428e+02  0
2012 236  2 52 54.048  4.1380e+02  0
2012 236  4 53  0.672  4.1885e+02  0
2012 236  6 53  9.024  4.0910e+02  0
2012 236  8 53 17.376  4.0767e+02  0
2012 236 10 53 24.864  4.0568e+02  0
2012 236 12 53 33.216  4.1766e+02  0
2012 236 14 53 39.840  4.0840e+02  0
2012 236 16 53 48.192  4.1313e+02  0
2012 236 18 53 55.680  4.1413e+02  0
2012 236 20 54  4.032  4.0838e+02  0
2012 236 22 54 12.384  4.0406e+02  0
2012 237  0 54 19.008  3.9745e+02  0
2012 237  2 54 27.360  3.9019e+02  0
2012 237  4 54 34.848  3.7268e+02  0
2012 237  6 54 43.200  3.6746e+02  0
2012 237  8 54 50.688  3.6100e+02  0
2012 237 10 54 58.176  3.5677e+02  0
2012 237 12 55  5.664  3.7644e+02  0
2012 237 14 55 14.016  4.0396e+02  0
2012 237 16 55 22.368  3.9204e+02  0
2012 237 18 55 29.856  3.7840e+02  0
2012 237 20 55 37.344  4.2201e+02  0
2012 237 22 55 44.832  4.1617e+02  0
2012 238  0 55 53.184  4.2006e+02  0
2012 238  2 56  0.672  5.6899e+02  0
2012 238  4 56  8.160  6.1837e+02  0
2012 238  6 56 15.648  6.1601e+02  0
2012 238  8 56 24.000  5.9504e+02  0
2012 238 10 56 32.352  5.9175e+02  0
2012 238 12 56 39.840  5.8306e+02  0
2012 238 14 56 47.328  5.7498e+02  0
2012 238 16 56 54.816  5.5033e+02  0
2012 238 18 57  3.168  5.4019e+02  0
2012 238 20 57 10.656  5.4100e+02  0
2012 238 22 57 19.008  5.4058e+02  0
2012 239  0 57 25.632  5.2640e+02  0
2012 239  2 57 33.984  5.1948e+02  0
2012 239  4 57 42.336  5.0932e+02  0
2012 239  6 57 49.824  5.0634e+02  0
2012 239  8 57 57.312  5.0873e+02  0
2012 239 10 58  4.800  5.2859e+02  0
2012 239 12 58 13.152  5.3934e+02  0
2012 239 14 58 20.640  6.0745e+02  0
2012 239 16 58 28.992  6.2286e+02  0
2012 239 18 58 35.616  6.8358e+02  0
2012 239 20 58 43.968  6.9682e+02  0
2012 239 22 58 52.320  7.0304e+02  0
2012 240  0 58 59.808  6.9853e+02  0
2012 240  2 59  7.296  6.9882e+02  0
2012 240  4 59 14.784  6.7970e+02  0
2012 240  6 59 23.136  6.7560e+02  0
2012 240  8 59 30.624  6.5263e+02  0
2012 240 10 59 38.976  6.4246e+02  0
2012 240 12 59 45.600  6.4525e+02  0
2012 240 14 59 53.952  6.3797e+02  0
2012 240 17  0  2.304  6.1809e+02  0
2012 240 19  0  9.792  5.9388e+02  0
2012 240 21  0 17.280  5.7509e+02  0
2012 240 23  0 24.768  5.7379e+02  0
2012 241  1  0 33.120  5.5450e+02  0
2012 241  3  0 40.608  5.3704e+02  0
2012 241  5  0 48.960  5.1534e+02  0
2012 241  7  0 55.584  5.1718e+02  0
2012 241  9  1  3.936  5.1567e+02  0
2012 241 11  1 12.288  5.0446e+02  0
2012 241 13  1 19.776  5.0113e+02  0
2012 241 15  1 27.264  5.0192e+02  0
2012 241 17  1 34.752  5.1983e+02  0
2012 241 19  1 43.104  5.4237e+02  0
2012 241 21  1 50.592  5.9286e+02  0
2012 241 23  1 58.080  5.9534e+02  0
2012 242  1  2  5.568  6.0018e+02  0
2012 242  3  2 13.920  5.9028e+02  0
2012 242  5  2 22.272  5.8238e+02  0
2012 242  7  2 29.760  5.7266e+02  0
2012 242  9  2 37.248  5.5529e+02  0
2012 242 11  2 44.736  5.5215e+02  0
2012 242 13  2 53.088  5.4980e+02  0
2012 242 15  3  0.576  5.3072e+02  0
2012 242 17  3  8.064  5.1042e+02  0
2012 242 19  3 16.416  4.9398e+02  0
2012 242 21  3 23.904  4.7791e+02  0
2012 242 23  3 32.256  4.7584e+02  0
2012 243  1  3 38.880  4.6814e+02  0
2012 243  3  3 47.232  4.5935e+02  0
2012 243  5  3 54.720  4.5397e+02  0
2012 243  7  4  3.072  4.4740e+02  0
2012 243  9  4  9.696  4.4262e+02  0
2012 243 11  4 18.048  4.3824e+02  0
2012 243 13  4 26.400  4.3341e+02  0
2012 243 15  4 33.888  4.3360e+02  0
2012 243 17  4 41.376  4.2707e+02  0
2012 243 19  4 48.864  4.0622e+02  0
2012 243 21  4 57.216  4.0934e+02  0
2012 243 23  5  4.704  3.9770e+02  0
2012 244  1  5 13.056  3.8621e+02  0
2012 244  3  5 19.680  3.7384e+02  0
2012 244  5  5 28.032  3.5928e+02  0
2012 244  7  5 36.384  3.5003e+02  0
2012 244  9  5 43.872  3.4180e+02  0
2012 244 11  5 51.360  3.2698e+02  0
2012 244 13  5 58.848  3.2159e+02  0
2012 244 15  6  7.200  3.1691e+02  0
2012 244 17  6 14.688  3.1610e+02  0
2012 244 19  6 22.176  3.1202e+02  0
2012 244 21  6 29.664  3.0457e+02  0
2012 244 23  6 38.016  3.0923e+02  0
2012 245  1  6 46.368  3.1220e+02  0
2012 245  3  6 52.992  3.0554e+02  0
2012 245  5  7  1.344  3.1064e+02  0
2012 245  7  7  8.832  3.2456e+02  0
2012 245  9  7 17.184  3.2406e+02  0
2012 245 11  7 23.808  3.2710e+02  0
2012 245 13  7 32.160  3.3193e+02  0
2012 245 15  7 39.648  3.2940e+02  0
2012 245 17  7 48.000  3.2817e+02  0
2012 245 19  7 54.624  3.2362e+02  0
2012 245 21  8  2.976  3.1947e+02  0
2012 245 23  8 11.328  3.1608e+02  0
2012 246  1  8 18.816  3.1699e+02  0
2012 246  3  8 26.304  3.1608e+02  0
2012 246  5  8 33.792  3.1720e+02  0
2012 246  7  8 42.144  3.1709e+02  0
2012 246  9  8 49.632  3.2272e+02  0
2012 246 11  8 57.120  3.2480e+02  0
2012 246 13  9  4.608  3.2275e+02  0
2012 246 15  9 12.960  3.2058e+02  0
2012 246 17  9 21.312  3.2085e+02  0
2012 246 19  9 27.936  3.1799e+02  0
2012 246 21  9 36.288  3.1293e+02  0
2012 246 23  9 43.776  3.0850e+02  0
2012 247  1  9 52.128  3.0681e+02  0
2012 247  3  9 58.752  3.0463e+02  0
2012 247  5 10  7.104  3.0628e+02  0
2012 247  7 10 14.592  3.0169e+02  0
2012 247  9 10 22.944  3.0899e+02  0
2012 247 11 10 29.568  4.4839e+02  0
2012 247 13 10 37.920  4.5357e+02  0
2012 247 15 10 46.272  4.5269e+02  0
2012 247 17 10 53.760  4.5923e+02  0
2012 247 19 11  1.248  4.3594e+02  0
2012 247 21 11  8.736  4.5502e+02  0
2012 247 23 11 17.088  4.4535e+02  0
2012 248  1 11 24.576  4.3061e+02  0
2012 248  3 11 32.064  4.3433e+02  0
2012 248  5 11 40.416  4.2360e+02  0
2012 248  7 11 47.904  4.0720e+02  0
2012 248  9 11 56.256  4.1823e+02  0
2012 248 11 12  2.880  4.0959e+02  0
2012 248 13 12 11.232  4.2066e+02  0
2012 248 15 12 18.720  4.3096e+02  0
2012 248 17 12 27.072  4.4427e+02  0
2012 248 19 12 33.696  4.4897e+02  0
2012 248 21 12 42.048  4.9092e+02  0
2012 248 23 12 50.400  5.1059e+02  0
2012 249  1 12 57.888  5.5385e+02  0
2012 249  3 13  6.240  5.5265e+02  0
2012 249  5 13 12.864  5.3385e+02  0
2012 249  7 13 21.216  5.0530e+02  0
2012 249  9 13 28.704  5.2364e+02  0
2012 249 11 13 36.192  5.0434e+02  0
2012 249 13 13 43.680  5.1016e+02  0
2012 249 15 13 52.032  4.9875e+02  0
2012 249 17 14  0.384  4.6751e+02  0
2012 249 19 14  7.008  4.5078e+02  0
2012 249 21 14 15.360  4.5824e+02  0
2012 249 23 14 22.848  4.4223e+02  0
2012 250  1 14 31.200  4.6589e+02  0
2012 250  3 14 37.824  4.4553e+02  0
2012 250  5 14 46.176  4.4173e+02  0
2012 250  7 14 53.664  4.2860e+02  0
2012 250  9 15  2.016  4.1891e+02  0
2012 250 11 15  8.640  4.0980e+02  0
2012 250 13 15 16.992  4.0364e+02  0
2012 250 15 15 25.344  3.9479e+02  0
2012 250 17 15 32.832  3.9815e+02  0
2012 250 19 15 41.184  3.9206e+02  0
2012 250 21 15 50.400  3.9281e+02  0
2012 250 23 15 57.888  3.8277e+02  0
2012 251  1 16  6.240  3.8076e+02  0
2012 251  3 16 13.728  3.7463e+02  0
2012 251  5 16 22.944  3.7373e+02  0
2012 251  7 16 31.296  3.7798e+02  0
2012 251  9 16 38.784  3.5967e+02  0
2012 251 11 16 47.136  3.6427e+02  0
2012 251 13 16 56.352  3.6314e+02  0
2012 251 15 17  3.840  3.6135e+02  0
2012 251 17 17 12.192  3.6199e+02  0
2012 251 19 17 19.680  3.7398e+02  0
2012 251 21 17 28.896  3.9222e+02  0
2012 251 23 17 37.248  3.7990e+02  0
2012 252  1 17 44.736  3.9048e+02  0
2012 252  3 17 53.952  3.9612e+02  0
2012 252  5 18  2.304  3.9231e+02  0
2012 252  7 18  9.792  3.8605e+02  0
2012 252  9 18 18.144  3.8448e+02  0
2012 252 11 18 27.360  3.8628e+02  0
2012 252 13 18 34.848  3.8040e+02  0
2012 252 15 18 43.200  3.7619e+02  0
2012 252 17 18 50.688  3.7550e+02  0
2012 252 19 18 59.904  3.7577e+02  0
2012 252 21 19  8.256  3.7870e+02  0
2012 252 23 19 15.744  3.7499e+02  0
2012 253  1 19 24.096  3.6857e+02  0
2012 253  3 19 33.312  3.5886e+02  0
2012 253  5 19 40.800  3.5788e+02  0
2012 253  7 19 49.152  3.5985e+02  0
2012 253  9 19 56.640  3.5550e+02  0
2012 253 11 20  5.856  3.5753e+02  0
2012 253 13 20 14.208  3.5448e+02  0
2012 253 15 20 21.696  3.5657e+02  0
2012 253 17 20 30.912  3.5165e+02  0
2012 253 19 20 39.264  3.5868e+02  0
2012 253 21 20 46.752  3.6447e+02  0
2012 253 23 20 55.104  3.5463e+02  0
2012 254  1 21  4.320  3.5012e+02  0
2012 254  3 21 11.808  3.5059e+02  0
2012 254  5 21 20.160  3.4442e+02  0
2012 254  7 21 27.648  3.3553e+02  0
2012 254  9 21 36.864  3.2259e+02  0
2012 254 11 21 45.216  3.5402e+02  0
2012 254 13 21 52.704  3.4708e+02  0
2012 254 15 22  1.056  3.4723e+02  0
2012 254 17 22 10.272  3.3446e+02  0
2012 254 19 22 17.760  3.2712e+02  0
2012 254 21 22 26.112  3.1514e+02  0
2012 254 23 22 33.600  2.9393e+02  0
2012 255  1 22 42.816  2.9394e+02  0
2012 255  3 22 51.168  2.9194e+02  0
2012 255  5 22 58.656  2.8696e+02  0
2012 255  7 23  7.008  3.2030e+02  0
2012 255  9 23 16.224  3.1600e+02  0
2012 255 11 23 23.712  3.1046e+02  0
2012 255 13 23 32.064  3.0085e+02  0
2012 255 15 23 40.416  2.9643e+02  0
2012 255 17 23 48.768  2.8869e+02  0
2012 255 19 23 57.120  2.9210e+02  0
2012 255 21 24  4.608  2.9512e+02  0
2012 255 23 24 12.960  2.9881e+02  0
2012 256  1 24 22.176  3.0597e+02  0
2012 256  3 24 29.664  2.8923e+02  0
2012 256  5 24 50.112  2.8727e+02  0
2012 256  7 24 57.600  2.8622e+02  0
2012 256  9 25  6.816  2.8507e+02  0
2012 256 11 25 15.168  2.8435e+02  0
2012 256 13 25 22.656  2.9077e+02  0
2012 256 15 25 31.008  2.8569e+02  0
2012 256 17 25 40.224  2.9552e+02  0
2012 256 19 25 47.712  3.4073e+02  0
2012 256 21 25 56.064  3.9327e+02  0
2012 256 23 26  4.416  4.3447e+02  0
2012 257  1 26 12.768  4.0082e+02  0
2012 257  3 26 21.120  4.0138e+02  0
2012 257  5 26 28.608  3.7914e+02  0
2012 257  7 26 36.960  3.6574e+02  0
2012 257  9 26 46.176  3.7537e+02  0
2012 257 11 26 53.664  3.9212e+02  0
2012 257 13 27  2.016  4.0059e+02  0
2012 257 15 27 10.368  4.0519e+02  0
2012 257 17 27 18.720  3.9995e+02  0
2012 257 19 27 27.072  4.0586e+02  0
2012 257 21 27 35.424  4.1748e+02  0
2012 257 23 27 42.912  4.2749e+02  0
2012 258  1 27 52.128  4.3864e+02  0
2012 258  3 27 59.616  4.3677e+02  0
2012 258  5 28  7.968  4.2969e+02  0
2012 258  7 28 16.320  4.3147e+02  0
2012 258  9 28 24.672  4.3512e+02  0
2012 258 11 28 33.024  4.5106e+02  0
2012 258 13 28 41.376  4.5345e+02  0
2012 258 15 28 48.864  4.4988e+02  0
2012 258 17 28 58.080  4.5238e+02  0
2012 258 19 29  6.432  4.4282e+02  0
2012 258 21 29 13.920  4.4116e+02  0
2012 258 23 29 22.272  4.4172e+02  0
2012 259  1 29 29.760  4.3273e+02  0
2012 259  3 29 38.976  4.3667e+02  0
2012 259  5 29 47.328  4.3194e+02  0
2012 259  7 29 54.816  4.3581e+02  0
2012 259  9 30  3.168  4.3553e+02  0
2012 259 11 30 12.384  4.4172e+02  0
2012 259 13 30 19.872  4.4059e+02  0
2012 259 15 30 28.224  4.3795e+02  0
2012 259 17 30 35.712  4.3444e+02  0
2012 259 19 30 44.928  4.3219e+02  0
2012 259 21 30 53.280  4.1877e+02  0
2012 259 23 31  0.768  4.0159e+02  0
2012 260  1 31  9.120  3.9270e+02  0
2012 260  3 31 18.336  3.8836e+02  0
2012 260  5 31 25.824  3.8222e+02  0
2012 260  7 31 34.176  3.9562e+02  0
2012 260  9 31 41.664  4.2318e+02  0
2012 260 11 31 50.016  4.2118e+02  0
2012 260 13 31 59.232  4.0640e+02  0
2012 260 15 32  6.720  4.0331e+02  0
2012 260 17 32 15.072  4.0544e+02  0
2012 260 19 32 23.424  4.2025e+02  0
2012 260 21 32 31.776  4.3183e+02  0
2012 260 23 32 40.128  4.4230e+02  0
2012 261  1 32 47.616  4.4391e+02  0
2012 261  3 32 55.968  4.4091e+02  0
2012 261  5 33  5.184  4.3534e+02  0
2012 261  7 33 12.672  4.2483e+02  0
2012 261  9 33 21.024  4.2497e+02  0
2012 261 11 33 29.376  4.2009e+02  0
2012 261 13 33 36.864  4.0531e+02  0
2012 261 15 33 46.080  4.0591e+02  0
2012 261 17 33 54.432  4.0561e+02  0
2012 261 19 34  1.920  4.0577e+02  0
2012 261 21 34 10.272  4.0565e+02  0
2012 261 23 34 18.624  4.0146e+02  0
2012 262  1 34 26.976  4.0696e+02  0
2012 262  3 34 35.328  4.1647e+02  0
2012 262  5 34 42.816  4.1350e+02  0
2012 262  7 34 52.032  4.0763e+02  0
2012 262  9 35  0.384  3.9936e+02  0
2012 262 11 35  7.872  3.9308e+02  0
2012 262 13 35 16.224  3.6954e+02  0
2012 262 15 35 35.808  3.7185e+02  0
2012 262 17 35 45.024  3.9537e+02  0
2012 262 19 35 53.376  4.0118e+02  0
2012 262 21 36  0.864  3.9693e+02  0
2012 262 23 36  9.216  3.9168e+02  0
2012 263  1 36 17.568  3.9087e+02  0
2012 263  3 36 25.920  3.9237e+02  0
2012 263  5 36 34.272  3.8553e+02  0
2012 263  7 36 41.760  3.7962e+02  0
2012 263  9 36 50.112  3.8457e+02  0
2012 263 11 36 59.328  3.8300e+02  0
2012 263 13 37  6.816  3.9290e+02  0
2012 263 15 37 15.168  3.9542e+02  0
2012 263 17 37 22.656  4.0663e+02  0
2012 263 19 37 31.872  4.0167e+02  0
2012 263 21 37 40.224  3.7864e+02  0
2012 263 23 37 47.712  4.2179e+02  0
2012 264  1 37 56.064  4.7418e+02  0
2012 264  3 38  4.416  4.4526e+02  0
2012 264  5 38 12.768  4.7645e+02  0
2012 264  7 38 21.120  5.0777e+02  0
2012 264  9 38 28.608  5.5944e+02  0
2012 264 11 38 36.960  5.8518e+02  0
2012 264 13 38 46.176  5.8421e+02  0
2012 264 15 38 53.664  5.9194e+02  0
2012 264 17 39  2.016  5.8454e+02  0
2012 264 19 39 10.368  5.6814e+02  0
2012 264 21 39 17.856  5.3026e+02  0
2012 264 23 39 27.072  5.2042e+02  0
2012 265  1 39 35.424  5.0491e+02  0
2012 265  3 39 42.912  4.6133e+02  0
2012 265  5 39 51.264  4.4436e+02  0
2012 265  7 39 58.752  4.5970e+02  0
2012 265  9 40  7.968  4.6840e+02  0
2012 265 11 40 16.320  5.2231e+02  0
2012 265 13 40 23.808  5.5899e+02  0
2012 265 15 40 32.160  5.5035e+02  0
2012 265 17 40 39.648  5.2844e+02  0
2012 265 19 40 48.864  5.1845e+02  0
2012 265 21 40 57.216  5.0917e+02  0
2012 265 23 41  4.704  5.0257e+02  0
2012 266  1 41 13.056  4.9543e+02  0
2012 266  3 41 22.272  4.9054e+02  0
2012 266  5 41 29.760  4.8533e+02  0
2012 266  7 41 38.112  4.7550e+02  0
2012 266  9 41 45.600  4.5375e+02  0
2012 266 11 41 53.952  4.4077e+02  0
2012 266 13 42  3.168  4.3405e+02  0
2012 266 15 42 10.656  4.2429e+02  0
2012 266 17 42 19.008  4.0868e+02  0
2012 266 19 42 27.360  4.0621e+02  0
2012 266 21 42 34.848  3.9520e+02  0
2012 266 23 42 44.064  3.9593e+02  0
2012 267  1 42 52.416  3.8691e+02  0
2012 267  3 42 59.904  3.8085e+02  0
2012 267  5 43  8.256  3.8056e+02  0
2012 267  7 43 15.744  3.7655e+02  0
2012 267  9 43 24.960  3.7805e+02  0
2012 267 11 43 33.312  3.7384e+02  0
2012 267 13 43 40.800  3.6568e+02  0
2012 267 15 43 49.152  3.6052e+02  0
2012 267 17 43 56.640  3.5544e+02  0
2012 267 19 44  5.856  3.5069e+02  0
2012 267 21 44 14.208  3.5506e+02  0
2012 267 23 44 21.696  3.5290e+02  0
2012 268  1 44 30.048  3.3283e+02  0
2012 268  3 44 39.264  3.4138e+02  0
2012 268  5 44 46.752  3.4162e+02  0
2012 268  7 44 55.104  3.3506e+02  0
2012 268  9 45  2.592  3.2805e+02  0
2012 268 11 45 10.944  3.2988e+02  0
2012 268 13 45 20.160  3.4970e+02  0
2012 268 15 45 27.648  3.5427e+02  0
2012 268 17 45 36.000  3.5750e+02  0
2012 268 19 45 45.216  3.6402e+02  0
2012 268 21 45 52.704  3.6600e+02  0
2012 268 23 46  1.920  3.7713e+02  0
2012 269  1 46 11.136  3.8083e+02  0
2012 269  3 46 20.352  3.6556e+02  0
2012 269  5 46 28.704  3.5783e+02  0
2012 269  7 46 37.920  3.5302e+02  0
2012 269  9 46 46.272  3.5128e+02  0
2012 269 11 46 54.624  3.4133e+02  0
2012 269 13 47  3.840  3.3294e+02  0
2012 269 15 47 13.056  3.2385e+02  0
2012 269 17 47 22.272  3.2107e+02  0
2012 269 19 47 30.624  3.2382e+02  0
2012 269 21 47 38.976  3.2235e+02  0
2012 269 23 47 48.192  3.1831e+02  0
2012 270  1 47 57.408  3.2943e+02  0
2012 270  3 48  5.760  3.3722e+02  0
2012 270  5 48 14.976  3.4703e+02  0
2012 270  7 48 24.192  3.5255e+02  0
2012 270  9 48 31.680  3.6057e+02  0
2012 270 11 48 52.992  3.7455e+02  0
2012 270 14 13  4.224  4.2363e+02  0
2012 270 16 13 12.576  4.5032e+02  0
2012 270 18 13 20.928  4.6656e+02  0
2012 270 20 13 30.144  4.7047e+02  0
2012 270 22 13 39.360  4.8127e+02  0
2012 271  0 13 47.712  4.8088e+02  0
2012 271  2 13 56.928  4.8547e+02  0
2012 271  4 14  6.144  4.7895e+02  0
2012 271  6 14 13.632  4.6556e+02  0
2012 271  8 14 22.848  4.5532e+02  0
2012 271 10 14 32.064  4.4866e+02  0
2012 271 12 14 41.280  4.4901e+02  0
2012 271 14 14 49.632  4.5554e+02  0
2012 271 16 14 58.848  4.4438e+02  0
2012 271 18 15  7.200  4.3562e+02  0
2012 271 20 15 16.416  4.2397e+02  0
2012 271 22 15 24.768  4.1223e+02  0
2012 272  0 15 33.984  3.9973e+02  0
2012 272  2 15 43.200  4.0054e+02  0
2012 272  4 15 50.688  3.7609e+02  0
2012 272  6 15 59.904  3.5786e+02  0
2012 272  8 16  9.120  3.4660e+02  0
2012 272 10 16 18.336  3.4454e+02  0
2012 272 12 16 26.688  3.4020e+02  0
2012 272 14 16 35.904  3.4120e+02  0
2012 272 16 16 44.256  3.3305e+02  0
2012 272 18 16 52.608  3.2248e+02  0
2012 272 20 17  1.824  3.2168e+02  0
2012 272 22 17 11.040  3.1940e+02  0
2012 273  0 17 20.256  3.1715e+02  0
2012 273  2 17 27.744  3.1100e+02  0
2012 273  4 17 36.960  3.0944e+02  0
2012 273  6 17 46.176  3.0657e+02  0
2012 273  8 17 55.392  3.0325e+02  0
2012 273 10 18  3.744  2.9763e+02  0
2012 273 12 18 12.960  2.9563e+02  0
2012 273 14 18 21.312  2.9757e+02  0
2012 273 16 18 29.664  2.9152e+02  0
2012 273 18 18 38.880  2.8801e+02  0
2012 273 20 18 48.096  2.8265e+02  0
2012 273 22 18 57.312  2.8347e+02  0
2012 274  0 19  4.800  2.8399e+02  0
2012 274  2 19 14.016  2.8270e+02  0
2012 274  4 19 23.232  2.7962e+02  0
2012 274  6 19 31.584  2.7505e+02  0
2012 274  8 19 40.800  2.7633e+02  0
2012 274 10 19 49.152  3.0556e+02  0
2012 274 12 19 58.368  3.0759e+02  0
2012 274 14 20  6.720  3.1258e+02  0
2012 274 16 20 15.936  3.1931e+02  0
2012 274 18 20 25.152  3.1318e+02  0
2012 274 20 20 34.368  3.1921e+02  0
2012 274 22 20 41.856  4.1079e+02  0
2012 275  0 20 51.072  4.1894e+02  0
2012 275  2 21  0.288  4.2815e+02  0
2012 275  4 21  8.640  4.0969e+02  0
2012 275  6 21 17.856  4.0270e+02  0
2012 275  8 21 26.208  3.8684e+02  0
2012 275 10 21 35.424  3.8185e+02  0
2012 275 12 21 43.776  3.8132e+02  0
2012 275 14 21 52.992  3.6745e+02  0
2012 275 16 22  2.208  3.7456e+02  0
2012 275 18 22 11.424  3.5708e+02  0
2012 275 20 22 18.912  3.4443e+02  0
2012 275 22 22 28.128  3.3390e+02  0
2012 276  0 22 37.344  3.4718e+02  0
2012 276  2 22 45.696  3.2271e+02  0
2012 276  4 22 54.912  3.0943e+02  0
2012 276  6 23  3.264  3.4274e+02  0
2012 276  8 23 23.712  3.4592e+02  0
2012 276 10 23 32.928  3.2671e+02  0
2012 276 12 23 42.144  3.3564e+02  0
2012 276 14 23 51.360  3.3636e+02  0
2012 276 16 23 58.848  3.3595e+02  0
2012 276 18 24  8.064  3.3916e+02  0
2012 276 20 24 17.280  3.5153e+02  0
2012 276 22 24 25.632  3.0785e+02  0
2012 277  0 24 34.848  3.2373e+02  0
2012 277  2 24 43.200  3.2304e+02  0
2012 277  4 24 52.416  3.2621e+02  0
2012 277  6 25  0.768  3.2383e+02  0
2012 277  8 25  9.984  3.2441e+02  0
2012 277 10 25 19.200  3.2120e+02  0
2012 277 12 25 26.688  3.2560e+02  0
2012 277 14 25 35.904  3.2388e+02  0
2012 277 16 25 45.120  3.2320e+02  0
2012 277 18 25 54.336  3.2064e+02  0
2012 277 20 26  2.688  3.1999e+02  0
2012 277 22 26 11.040  3.3224e+02  0
2012 278  0 26 20.256  3.2319e+02  0
2012 278  2 26 28.608  3.2275e+02  0
2012 278  4 26 37.824  3.2423e+02  0
2012 278  6 26 47.040  3.0706e+02  0
2012 278  8 26 55.392  2.9391e+02  0
2012 278 10 27  3.744  2.9027e+02  0
2012 278 12 27 12.960  2.9120e+02  0
2012 278 14 27 22.176  2.9519e+02  0
2012 278 16 27 31.392  2.9404e+02  0
2012 278 18 27 38.880  2.8855e+02  0
2012 278 20 27 48.096  2.8528e+02  0
2012 278 22 27 57.312  2.9333e+02  0
2012 279  0 28  5.664  2.9115e+02  0
2012 279  2 28 14.016  2.9166e+02  0
2012 279  4 28 23.232  3.1981e+02  0
2012 279  6 28 31.584  3.1415e+02  0
2012 279  8 28 40.800  3.0221e+02  0
2012 279 10 28 50.016  3.0352e+02  0
2012 279 12 28 58.368  3.0906e+02  0
2012 279 14 29  6.720  3.3555e+02  0
2012 279 16 29 15.936  3.3318e+02  0
2012 279 18 29 25.152  3.3396e+02  0
2012 279 20 29 34.368  3.3549e+02  0
2012 279 22 29 41.856  3.4051e+02  0
2012 280  0 29 51.072  3.3676e+02  0
2012 280  2 30  0.288  3.3163e+02  0
2012 280  4 30  8.640  3.2944e+02  0
2012 280  6 30 17.856  3.3410e+02  0
2012 280  8 30 26.208  3.4820e+02  0
2012 280 10 30 35.424  3.4471e+02  0
2012 280 12 30 43.776  3.3812e+02  0
2012 280 14 30 52.992  3.3782e+02  0
2012 280 16 31  1.344  3.4325e+02  0
2012 280 18 31  9.696  3.3551e+02  0
2012 280 20 31 18.912  3.3506e+02  0
2012 280 22 31 28.128  3.2237e+02  0
2012 281  0 31 37.344  3.2542e+02  0
2012 281  2 31 44.832  3.1797e+02  0
2012 281  4 31 54.048  3.1729e+02  0
2012 281  6 32  3.264  3.1534e+02  0
2012 281  8 32 11.616  3.2678e+02  0
2012 281 10 32 20.832  3.3756e+02  0
2012 281 12 32 29.184  3.4125e+02  0
2012 281 14 32 38.400  3.4525e+02  0
2012 281 16 32 46.752  3.3750e+02  0
2012 281 18 32 55.968  3.3142e+02  0
2012 281 20 33  4.320  3.2480e+02  0
2012 281 22 33 12.672  3.2272e+02  0
2012 282  0 33 21.888  3.2279e+02  0
2012 282  2 33 31.104  3.3095e+02  0
2012 282  4 33 40.320  4.0496e+02  0
2012 282  6 33 47.808  3.9439e+02  0
2012 282  8 33 57.024  3.8087e+02  0
2012 282 10 34  6.240  3.8014e+02  0
2012 282 12 34 14.592  4.0481e+02  0
2012 282 14 34 22.944  4.4040e+02  0
2012 282 16 34 32.160  4.4803e+02  0
2012 282 18 34 41.376  3.7895e+02  0
2012 282 20 34 49.728  3.7043e+02  0
2012 282 22 34 58.944  3.7907e+02  0
2012 283  0 35  9.024  3.8685e+02  0
2012 283  2 35 18.240  3.8828e+02  0
2012 283  4 35 26.592  3.6125e+02  0
2012 283  6 35 36.672  4.0330e+02  0
2012 283  8 35 45.888  4.0973e+02  0
2012 283 10 35 55.968  4.0028e+02  0
2012 283 12 36  5.184  4.2949e+02  0
2012 283 14 36 14.400  4.4050e+02  0
2012 283 16 36 23.616  4.4716e+02  0
2012 283 18 36 32.832  4.9217e+02  0
2012 283 20 36 42.048  5.4146e+02  0
2012 283 22 36 52.128  5.6377e+02  0
2012 284  0 37  1.344  5.6672e+02  0
2012 284  2 37  9.696  5.5752e+02  0
2012 284  4 37 19.776  5.5968e+02  0
2012 284  6 37 28.992  5.6048e+02  0
2012 284  8 37 39.072  5.4010e+02  0
2012 284 10 37 48.288  5.3451e+02  0
2012 284 12 37 56.640  5.1735e+02  0
2012 284 14 38  6.720  5.2030e+02  0
2012 284 16 38 15.936  5.1934e+02  0
2012 284 18 38 25.152  5.1006e+02  0
2012 284 20 38 35.232  5.0269e+02  0
2012 284 22 38 43.584  4.9155e+02  0
2012 285  0 38 52.800  4.8462e+02  0
2012 285  2 39  2.880  4.8221e+02  0
2012 285  4 39 12.096  4.8007e+02  0
2012 285  6 39 21.312  4.7941e+02  0
2012 285  8 39 31.392  4.7273e+02  0
2012 285 10 39 39.744  4.6955e+02  0
2012 285 12 39 49.824  4.6839e+02  0
2012 285 14 39 59.040  4.6573e+02  0
2012 285 16 40  8.256  4.7029e+02  0
2012 285 18 40 18.336  4.8772e+02  0
2012 285 20 40 26.688  4.8345e+02  0
2012 285 22 40 35.904  5.2126e+02  0
2012 286  0 40 45.984  5.1934e+02  0
2012 286  2 40 55.200  5.1199e+02  0
2012 286  4 41  4.416  5.1860e+02  0
2012 286  6 41 13.632  5.2033e+02  0
2012 286  8 41 22.848  5.3082e+02  0
2012 286 10 41 32.064  5.0301e+02  0
2012 286 12 41 42.144  4.9186e+02  0
2012 286 14 41 51.360  4.8580e+02  0
2012 286 16 42  0.576  5.1129e+02  0
2012 286 18 42  9.792  5.0992e+02  0
2012 286 20 42 19.008  4.7175e+02  0
2012 286 22 42 29.088  4.6891e+02  0
2012 287  0 42 38.304  4.7291e+02  0
2012 287  2 42 46.656  4.6841e+02  0
2012 287  4 42 56.736  4.5928e+02  0
2012 287  6 43  5.952  4.7556e+02  0
2012 287  8 43 15.168  4.7389e+02  0
2012 287 10 43 25.248  5.0956e+02  0
2012 287 12 43 33.600  5.2437e+02  0
2012 287 14 43 42.816  5.4635e+02  0
2012 287 16 43 52.896  5.7895e+02  0
2012 287 18 44  2.112  5.8428e+02  0
2012 287 20 44 11.328  5.9319e+02  0
2012 287 22 44 21.408  5.8883e+02  0
2012 288  0 44 29.760  5.7513e+02  0
2012 288  2 44 38.976  5.6268e+02  0
2012 288  4 44 49.056  5.5250e+02  0
2012 288  6 44 58.272  5.4262e+02  0
2012 288  8 45  6.624  5.3212e+02  0
2012 288 10 45 16.704  5.2638e+02  0
2012 288 12 45 25.920  5.3342e+02  0
2012 288 14 45 35.136  5.1720e+02  0
2012 288 16 45 45.216  5.0287e+02  0
2012 288 18 45 53.568  4.9444e+02  0
2012 288 20 46  2.784  4.9852e+02  0
2012 288 22 46 12.864  4.9792e+02  0
2012 289  0 46 22.080  4.9023e+02  0
2012 289  2 46 31.296  4.8142e+02  0
2012 289  4 46 41.376  4.7537e+02  0
2012 289  6 46 49.728  4.7191e+02  0
2012 289  8 46 59.808  4.6638e+02  0
2012 289 10 47  9.024  4.5465e+02  0
2012 289 12 47 18.240  4.4312e+02  0
2012 289 14 47 28.320  4.3766e+02  0
2012 289 16 47 36.672  4.1948e+02  0
2012 289 18 47 45.888  4.0420e+02  0
2012 289 20 47 55.968  3.9792e+02  0
2012 289 22 48  5.184  3.9177e+02  0
2012 290  0 48 14.400  3.9004e+02  0
2012 290  2 48 23.616  3.8430e+02  0
2012 290  4 48 32.832  3.8812e+02  0
2012 290  6 48 42.048  3.9252e+02  0
2012 290  8 48 52.128  3.8558e+02  0
2012 290 10 49  1.344  3.7873e+02  0
2012 290 12 49  9.696  3.6898e+02  0
2012 290 14 49 19.776  3.5726e+02  0
2012 290 16 49 28.992  3.4568e+02  0
2012 290 18 49 38.208  3.4095e+02  0
2012 290 20 49 47.424  3.4815e+02  0
2012 290 22 49 56.640  4.8564e+02  0
2012 291  0 50  5.856  4.9588e+02  0
2012 291  2 50 15.072  4.9593e+02  0
2012 291  4 50 25.152  5.2657e+02  0
2012 291  6 50 34.368  5.2653e+02  0
2012 291  8 50 42.720  4.8814e+02  0
2012 291 10 50 52.800  4.8460e+02  0
2012 291 12 51  2.016  4.7492e+02  0
2012 291 14 51 11.232  4.4646e+02  0
2012 291 16 51 21.312  4.3248e+02  0
2012 291 18 51 29.664  4.3815e+02  0
2012 291 20 51 38.880  5.0267e+02  0
2012 291 22 51 48.960  5.0583e+02  0
2012 292  0 51 58.176  5.2141e+02  0
2012 292  2 52  7.392  5.8233e+02  0
2012 292  4 52 16.608  6.1217e+02  0
2012 292  6 52 25.824  6.4683e+02  0
2012 292  8 52 35.040  6.7354e+02  0
2012 292 10 52 45.120  4.4793e+02  0
2012 292 12 52 54.336  4.7653e+02  0
2012 292 14 53  2.688  4.2554e+02  0
2012 292 16 53 12.768  4.1775e+02  0
2012 292 18 53 21.984  4.4570e+02  0
2012 292 20 53 31.200  4.1281e+02  0
2012 292 22 53 41.280  3.9185e+02  0
2012 293  0 53 51.360  3.9742e+02  0
2012 293  2 54  0.576  3.9090e+02  0
2012 293  4 54  9.792  3.6344e+02  0
2012 293  6 54 19.872  3.5302e+02  0
2012 293  8 54 29.952  4.5868e+02  0
2012 293 10 54 40.032  4.8257e+02  0
2012 293 12 54 49.248  4.7530e+02  0
2012 293 14 54 59.328  3.0240e+02  0
2012 293 16 55  9.408  4.5265e+02  0
2012 293 18 55 17.760  4.3157e+02  0
2012 293 20 55 27.840  4.3271e+02  0
2012 293 22 55 37.920  4.0867e+02  0
2012 294  0 55 48.000  4.0455e+02  0
2012 294  2 55 57.216  4.0472e+02  0
2012 294  4 56  7.296  3.9021e+02  0
2012 294  6 56 17.376  3.8289e+02  0
2012 294  8 56 26.592  3.8393e+02  0
2012 294 10 56 35.808  3.8762e+02  0
2012 294 12 56 45.888  3.6336e+02  0
2012 294 14 56 55.968  3.6332e+02  0
2012 294 16 57  6.048  3.6456e+02  0
2012 294 18 57 15.264  3.6957e+02  0
2012 294 20 57 25.344  3.7050e+02  0
2012 294 22 57 35.424  3.5498e+02  0
2012 295  0 57 44.640  3.5728e+02  0
2012 295  2 57 53.856  3.5290e+02  0
2012 295  4 58  3.936  3.3767e+02  0
2012 295  6 58 14.016  3.3508e+02  0
2012 295  8 58 23.232  3.4351e+02  0
2012 295 10 58 33.312  3.5238e+02  0
2012 295 12 58 43.392  3.4739e+02  0
2012 295 14 58 52.608  3.5631e+02  0
2012 295 16 59  1.824  3.6555e+02  0
2012 295 18 59 11.904  3.5999e+02  0
2012 295 20 59 21.984  3.6178e+02  0
2012 295 22 59 32.064  3.6588e+02  0
2012 296  0 59 41.280  3.7122e+02  0
2012 296  2 59 51.360  3.7173e+02  0
2012 296  5  0  0.576  3.6200e+02  0
2012 296  7  0  9.792  3.6016e+02  0
2012 296  9  0 19.872  3.6280e+02  0
2012 296 11  0 29.952  3.6500e+02  0
2012 296 13  0 40.032  3.6239e+02  0
2012 296 15  0 49.248  3.6791e+02  0
2012 296 17  0 59.328  3.6673e+02  0
2012 296 19  1  9.408  3.6350e+02  0
2012 296 21  1 18.624  3.5910e+02  0
2012 296 23  1 27.840  3.5893e+02  0
2012 297  1  1 37.920  3.6226e+02  0
2012 297  3  1 47.136  3.6196e+02  0
2012 297  5  1 56.352  3.6896e+02  0
2012 297  7  2  5.568  3.6440e+02  0
2012 297  9  2 15.648  3.6248e+02  0
2012 297 11  2 25.728  3.6233e+02  0
2012 297 13  2 34.944  3.6598e+02  0
2012 297 15  2 45.024  3.6009e+02  0
2012 297 17  2 55.104  3.6505e+02  0
2012 297 19  3  4.320  3.6558e+02  0
2012 297 21  3 14.400  3.6410e+02  0
2012 297 23  3 23.616  3.5299e+02  0
2012 298  1  3 33.696  3.5328e+02  0
2012 298  3  3 43.776  3.4093e+02  0
2012 298  5  3 52.992  3.3372e+02  0
2012 298  7  4  3.072  3.3518e+02  0
2012 298  9  4 12.288  3.4030e+02  0
2012 298 11  4 22.368  3.4423e+02  0
2012 298 13  4 31.584  3.3760e+02  0
2012 298 15  4 40.800  3.2902e+02  0
2012 298 17  4 50.880  3.2931e+02  0
2012 298 19  5  0.960  3.3992e+02  0
2012 298 21  5 10.176  3.2914e+02  0
2012 298 23  5 20.256  3.3335e+02  0
2012 299  1  5 30.336  3.3844e+02  0
2012 299  3  5 40.416  3.3863e+02  0
2012 299  5  5 49.632  3.3422e+02  0
2012 299  7  5 59.712  3.2677e+02  0
2012 299  9  6  9.792  3.2991e+02  0
2012 299 11  6 19.872  3.4174e+02  0
2012 299 13  6 29.952  3.6285e+02  0
2012 299 15  6 40.032  3.6656e+02  0
2012 299 17  6 50.112  3.6236e+02  0
2012 299 19  7  0.192  3.6595e+02  0
2012 299 21  7 10.272  3.7248e+02  0
2012 299 23  7 20.352  3.6971e+02  0
2012 300  1  7 30.432  3.5721e+02  0
2012 300  3  7 39.648  3.5425e+02  0
2012 300  5  7 49.728  3.4654e+02  0
2012 300  7  7 59.808  3.4814e+02  0
2012 300  9  8  9.888  3.4159e+02  0
2012 300 11  8 19.968  3.2966e+02  0
2012 300 13  8 30.048  3.3238e+02  0
2012 300 15  8 40.128  3.2436e+02  0
2012 300 17  8 50.208  3.2302e+02  0
2012 300 19  9  0.288  3.3878e+02  0
2012 300 21  9 10.368  3.3700e+02  0
2012 300 23  9 19.584  3.3187e+02  0
2012 301  1  9 29.664  3.3806e+02  0
2012 301  3  9 39.744  3.4241e+02  0
2012 301  5  9 49.824  3.3270e+02  0
2012 301  7  9 59.904  3.3088e+02  0
2012 301  9 10  9.984  3.2871e+02  0
2012 301 11 10 20.064  3.1596e+02  0
2012 301 13 10 30.144  3.1944e+02  0
2012 301 15 10 40.224  3.2594e+02  0
2012 301 17 10 47.712  3.2982e+02  0
2012 301 19 10 57.792  3.5332e+02  0
2012 301 21 11  7.008  3.6042e+02  0
2012 301 23 11 17.088  3.6137e+02  0
2012 302  1 11 27.168  3.5664e+02  0
2012 302  3 11 37.248  3.6076e+02  0
2012 302  5 11 47.328  3.5857e+02  0
2012 302  7 11 55.680  3.5536e+02  0
2012 302  9 12  4.896  3.5520e+02  0
2012 302 11 12 14.976  3.5145e+02  0
2012 302 13 12 25.056  3.4396e+02  0
2012 302 15 12 35.136  3.3548e+02  0
2012 302 17 12 45.216  3.3366e+02  0
2012 302 19 12 55.296  3.2241e+02  0
2012 302 21 12 57.600  3.1531e+02  0
2012 302 23 13  6.816  3.1401e+02  0
2012 303  1 13 11.712  3.1273e+02  0
2012 303  3 13 19.200  3.1620e+02  0
2012 303  5 13 29.280  3.1797e+02  0
2012 303  7 13 35.904  2.9920e+02  0
2012 303  9 13 44.256  2.9699e+02  0
2012 303 11 13 51.744  2.8944e+02  0
2012 303 13 13 56.640  2.8746e+02  0
2012 303 15 14  6.720  2.8996e+02  0
2012 303 17 14 15.072  2.8802e+02  0
2012 303 19 14 19.104  2.8377e+02  0
2012 303 21 14 28.320  2.8064e+02  0
2012 303 23 14 38.400  2.7780e+02  0
2012 304  1 14 40.704  2.8184e+02  0
2012 304  3 14 49.056  2.8744e+02  0
2012 304  5 14 54.816  2.7938e+02  0
2012 304  7 15  3.168  2.7331e+02  0
2012 304  9 15  9.792  2.7263e+02  0
2012 304 11 15 14.688  2.7535e+02  0
2012 304 13 15 25.632  2.8164e+02  0
2012 304 15 15 33.984  2.8178e+02  0
2012 304 17 15 43.200  2.8163e+02  0
2012 304 19 15 53.280  2.8530e+02  0
2012 304 21 16  3.360  2.8476e+02  0
2012 304 23 16 14.304  2.8216e+02  0
2012 305  1 16 22.656  2.8186e+02  0
2012 305  3 16 31.872  2.8157e+02  0
2012 305  5 16 41.952  2.8263e+02  0
2012 305  7 16 52.032  2.9105e+02  0
2012 305  9 17  2.976  2.9287e+02  0
2012 305 11 17 13.056  2.8703e+02  0
2012 305 13 17 23.136  3.6794e+02  0
2012 305 15 17 33.216  3.5343e+02  0
2012 305 17 17 44.160  3.5804e+02  0
2012 305 19 17 54.240  3.5971e+02  0
2012 305 21 18  2.592  3.6514e+02  0
2012 305 23 18 10.944  3.6527e+02  0
2012 306  1 18 19.296  3.6838e+02  0
2012 306  3 18 38.880  3.6553e+02  0
2012 306  5 18 46.368  3.5615e+02  0
2012 306  7 18 55.584  3.5948e+02  0
2012 306  9 19  7.392  3.5980e+02  0
2012 306 11 19 16.608  3.4873e+02  0
2012 306 13 19 25.824  3.4149e+02  0
2012 306 15 19 35.904  3.4000e+02  0
2012 306 17 19 44.256  3.3549e+02  0
2012 306 19 19 54.336  3.2526e+02  0
2012 306 21 20  2.688  3.2024e+02  0
2012 306 23 20 12.768  3.2072e+02  0
2012 307  1 20 21.984  3.1677e+02  0
2012 307  3 20 32.064  3.1476e+02  0
2012 307  5 20 38.688  3.1008e+02  0
2012 307  7 20 47.904  3.0755e+02  0
2012 307  9 20 57.984  3.0930e+02  0
2012 307 11 21  8.928  3.0664e+02  0
2012 307 13 21 19.008  3.0909e+02  0
2012 307 15 21 29.088  3.0702e+02  0
2012 307 17 21 39.168  3.0283e+02  0
2012 307 19 21 50.112  3.0363e+02  0
2012 307 21 22  0.192  3.0543e+02  0
2012 307 23 22  7.680  2.9789e+02  0
2012 308  1 22 17.760  3.0594e+02  0
2012 308  3 22 26.976  3.0582e+02  0
2012 308  5 22 36.192  3.0616e+02  0
2012 308  7 22 47.136  3.0404e+02  0
2012 308  9 22 57.216  3.0721e+02  0
2012 308 11 23  7.296  3.0652e+02  0
2012 308 13 23 17.376  3.1639e+02  0
2012 308 15 23 24.000  3.3451e+02  0
2012 308 17 23 33.216  3.3852e+02  0
2012 308 19 23 44.160  3.3595e+02  0
2012 308 21 23 54.240  3.4039e+02  0
2012 308 23 24  4.320  3.4215e+02  0
2012 309  1 24 10.944  3.4000e+02  0
2012 309  3 24 19.296  3.3912e+02  0
2012 309  5 24 25.920  3.3951e+02  0
2012 309  7 24 35.136  3.3768e+02  0
2012 309  9 24 45.216  3.3433e+02  0
2012 309 11 24 55.296  3.3010e+02  0
2012 309 13 25  5.376  3.2540e+02  0
2012 309 15 25 12.864  3.3104e+02  0
2012 309 17 25 21.216  3.2060e+02  0
2012 309 19 25 28.704  3.1951e+02  0
2012 309 21 25 37.056  3.1653e+02  0
2012 309 23 25 47.136  3.1656e+02  0
2012 310  1 25 57.216  3.1236e+02  0
2012 310  3 26  8.160  3.0538e+02  0
2012 310  5 26 18.240  3.0501e+02  0
2012 310  7 26 28.320  3.0698e+02  0
2012 310  9 26 38.400  2.9592e+02  0
2012 310 11 26 47.616  3.0722e+02  0
2012 310 13 26 57.696  2.9772e+02  0
2012 310 15 27  6.912  2.8968e+02  0
2012 310 17 27 16.992  2.8431e+02  0
2012 310 19 27 27.072  2.8432e+02  0
2012 310 21 27 36.288  2.8569e+02  0
2012 310 23 27 47.232  3.0055e+02  0
2012 311  1 27 57.312  2.9508e+02  0
2012 311  3 28  7.392  2.9106e+02  0
2012 311  5 28 16.608  2.8725e+02  0
2012 311  7 28 25.824  2.9019e+02  0
2012 311  9 28 36.768  3.0267e+02  0
2012 311 11 28 45.984  2.9955e+02  0
2012 311 13 28 56.064  3.0449e+02  0
2012 311 15 29  5.280  3.0037e+02  0
2012 311 17 29 15.360  3.0223e+02  0
2012 311 19 29 26.304  2.9961e+02  0
2012 311 21 29 36.384  3.2040e+02  0
2012 311 23 29 44.736  3.5269e+02  0
2012 312  1 29 55.680  3.9231e+02  0
2012 312  3 30  5.760  4.0547e+02  0
2012 312  5 30 15.840  4.3181e+02  0
2012 312  7 30 24.192  4.5722e+02  0
2012 312  9 30 35.136  4.6061e+02  0
2012 312 11 30 41.760  4.5637e+02  0
2012 312 13 30 46.656  4.7317e+02  0
2012 312 15 30 50.688  5.1930e+02  0
2012 312 17 30 58.176  5.2398e+02  0
2012 312 19 31  8.256  5.2196e+02  0
2012 312 21 31 14.880  5.3774e+02  0
2012 312 23 31 25.824  5.2708e+02  0
2012 313  1 31 35.040  5.1758e+02  0
2012 313  3 31 41.664  4.6998e+02  0
2012 313  5 31 49.152  4.4582e+02  0
2012 313  7 31 55.776  4.4115e+02  0
2012 313  9 32  6.720  4.3065e+02  0
2012 313 11 32 14.208  4.2266e+02  0
2012 313 13 32 24.288  4.1624e+02  0
2012 313 15 32 31.776  4.0617e+02  0
2012 313 17 32 39.264  4.0365e+02  0
2012 313 19 32 43.296  4.0050e+02  0
2012 313 21 32 54.240  3.9490e+02  0
2012 313 23 32 59.136  3.8603e+02  0
2012 314  1 33  5.760  3.8209e+02  0
2012 314  3 33 16.704  3.7603e+02  0
2012 314  5 33 23.328  3.7067e+02  0
2012 314  7 33 29.952  3.6654e+02  0
2012 314  9 33 39.168  3.6353e+02  0
2012 314 11 33 44.064  3.5613e+02  0
2012 314 13 33 50.688  3.5291e+02  0
2012 314 15 34  1.632  3.4275e+02  0
2012 314 17 34 11.712  3.4382e+02  0
2012 314 19 34 20.064  3.3763e+02  0
2012 314 21 34 26.688  3.3209e+02  0
2012 314 23 34 33.312  3.2853e+02  0
2012 315  1 34 41.664  3.3247e+02  0
2012 315  3 34 47.424  3.2789e+02  0
2012 315  5 34 54.048  3.1851e+02  0
2012 315  7 35  2.400  3.0942e+02  0
2012 315  9 35 11.616  3.0601e+02  0
2012 315 11 35 17.376  3.0498e+02  0
2012 315 13 35 21.408  3.0462e+02  0
2012 315 15 35 26.304  2.9898e+02  0
2012 315 17 35 32.928  2.9823e+02  0
2012 315 19 35 38.688  3.0512e+02  0
2012 315 21 35 46.176  2.9810e+02  0
2012 315 23 35 56.256  2.9555e+02  0
2012 316  1 36  6.336  2.9040e+02  0
2012 316  3 36  7.776  2.8782e+02  0
2012 316  5 36 12.672  2.9207e+02  0
2012 316  7 36 20.160  2.9451e+02  0
2012 316  9 36 24.192  2.9174e+02  0
2012 316 11 36 35.136  2.9321e+02  0
2012 316 13 36 41.760  2.9081e+02  0
2012 316 15 36 50.112  2.9631e+02  0
2012 316 17 36 53.280  3.1794e+02  0
2012 316 19 37  0.768  3.2153e+02  0
2012 316 21 37  5.664  3.1723e+02  0
2012 316 23 37 15.744  3.0714e+02  0
2012 317  1 37 24.096  2.9889e+02  0
2012 317  3 37 31.584  2.9252e+02  0
2012 317  5 37 43.392  2.9136e+02  0
2012 317  7 37 47.424  2.8923e+02  0
2012 317  9 37 54.048  2.9113e+02  0
2012 317 11 38  4.128  2.9246e+02  0
2012 317 13 38  9.888  3.0703e+02  0
2012 317 15 38 13.920  3.2762e+02  0
2012 317 17 38 23.136  3.2824e+02  0
2012 317 19 38 34.080  3.1866e+02  0
2012 317 21 38 40.704  3.6008e+02  0
2012 317 23 38 43.872  4.5781e+02  0
2012 318  1 38 52.224  4.6490e+02  0
2012 318  3 38 52.800  4.3286e+02  0
2012 318  5 39  2.880  4.4651e+02  0
2012 318  7 39 12.960  4.4395e+02  0
2012 318  9 39 23.904  4.3600e+02  0
2012 318 11 39 33.984  4.1319e+02  0
2012 318 13 39 44.928  4.0350e+02  0
2012 318 15 39 55.008  3.7373e+02  0
2012 318 17 40  5.952  3.7095e+02  0
2012 318 19 40 10.848  3.6060e+02  0
2012 318 21 40 14.880  3.7146e+02  0
2012 318 23 40 25.824  3.7810e+02  0
2012 319  1 40 35.040  3.9303e+02  0
2012 319  3 40 44.256  4.0935e+02  0
2012 319  5 40 52.608  4.2101e+02  0
2012 319  7 41  1.824  4.6528e+02  0
2012 319  9 41 11.040  5.0455e+02  0
2012 319 11 41 20.256  4.7503e+02  0
2012 319 13 41 28.608  4.8762e+02  0
2012 319 15 41 41.280  5.1700e+02  0
2012 319 17 41 52.224  4.9132e+02  0
2012 319 19 42  0.576  4.9399e+02  0
2012 319 21 42 10.656  5.0338e+02  0
2012 319 23 42 19.872  5.0330e+02  0
2012 320  1 42 29.088  5.0920e+02  0
2012 320  3 42 38.304  4.9753e+02  0
2012 320  5 42 48.384  4.8563e+02  0
2012 320  7 42 56.736  4.6994e+02  0
2012 320  9 43  5.952  4.5303e+02  0
2012 320 11 43 15.168  4.6015e+02  0
2012 320 13 43 24.384  4.5929e+02  0
2012 320 15 43 35.328  4.5080e+02  0
2012 320 17 43 43.680  4.4392e+02  0
2012 320 19 43 53.760  4.3823e+02  0
2012 320 21 44  3.840  4.3751e+02  0
2012 320 23 44 12.192  4.3106e+02  0
2012 321  1 44 22.272  4.3429e+02  0
2012 321  3 44 30.624  4.3441e+02  0
2012 321  5 44 38.976  4.3826e+02  0
2012 321  7 44 49.920  4.3737e+02  0
2012 321  9 44 59.136  4.3428e+02  0
2012 321 11 45  9.216  4.2052e+02  0
2012 321 13 45 18.432  4.1068e+02  0
2012 321 15 45 30.240  4.1279e+02  0
2012 321 17 45 37.728  4.0942e+02  0
2012 321 19 45 48.672  3.9889e+02  0
2012 321 21 45 57.024  3.9522e+02  0
2012 321 23 46  7.968  3.9646e+02  0
2012 322  1 46 16.320  3.9894e+02  0
2012 322  3 46 27.264  4.0210e+02  0
2012 322  5 46 35.616  3.9632e+02  0
2012 322  7 46 45.696  3.9248e+02  0
2012 322  9 46 55.776  4.0549e+02  0
2012 322 11 47  4.992  4.2494e+02  0
2012 322 13 47 16.800  4.3112e+02  0
2012 322 15 47 27.744  4.2668e+02  0
2012 322 17 47 35.232  4.2507e+02  0
2012 322 19 47 46.176  4.2561e+02  0
2012 322 21 47 57.120  4.2173e+02  0
2012 322 23 48  8.064  4.0651e+02  0
2012 323  1 48 16.416  4.0431e+02  0
2012 323  3 48 24.768  4.2121e+02  0
2012 323  5 48 35.712  4.2158e+02  0
2012 323  7 48 48.384  4.1940e+02  0
2012 323  9 48 59.328  4.1891e+02  0
2012 323 11 49 10.272  4.1658e+02  0
2012 323 13 49 21.216  4.0328e+02  0
2012 323 15 49 33.024  3.8755e+02  0
2012 323 17 49 43.968  3.8509e+02  0
2012 323 19 49 54.912  3.8879e+02  0
2012 323 21 50  4.992  3.8968e+02  0
2012 323 23 50 15.072  4.1161e+02  0
2012 324  1 50 24.288  4.0548e+02  0
2012 324  3 50 32.640  3.9533e+02  0
2012 324  5 50 41.856  3.9280e+02  0
2012 324  7 50 51.072  3.9233e+02  0
2012 324  9 51  0.288  3.8958e+02  0
2012 324 11 51  7.776  3.9272e+02  0
2012 324 13 51 16.128  3.9830e+02  0
2012 324 15 51 25.344  3.9958e+02  0
2012 324 17 51 36.288  4.0359e+02  0
2012 324 19 51 46.368  4.0069e+02  0
2012 324 21 51 54.720  4.1008e+02  0
2012 324 23 52  3.936  3.9935e+02  0
2012 325  1 52 13.152  3.9954e+02  0
2012 325  3 52 22.368  4.0471e+02  0
2012 325  5 52 31.584  4.1374e+02  0
2012 325  7 52 40.800  4.1607e+02  0
2012 325  9 52 50.016  4.1205e+02  0
2012 325 11 52 59.232  4.0766e+02  0
2012 325 13 53  7.584  4.1928e+02  0
2012 325 15 53 17.664  4.3557e+02  0
2012 325 17 53 26.880  4.4747e+02  0
2012 325 19 53 36.096  4.6321e+02  0
2012 325 21 53 45.312  4.6403e+02  0
2012 325 23 53 53.664  4.6132e+02  0
2012 326  1 54  2.880  4.5943e+02  0
2012 326  3 54 12.960  4.4339e+02  0
2012 326  5 54 22.176  4.4200e+02  0
2012 326  7 54 31.392  4.3302e+02  0
2012 326  9 54 39.744  4.2861e+02  0
2012 326 11 54 48.960  4.1664e+02  0
2012 326 13 54 59.040  4.0401e+02  0
2012 326 15 55  8.256  4.0029e+02  0
2012 326 17 55 16.608  3.9775e+02  0
2012 326 19 55 25.824  3.9267e+02  0
2012 326 21 55 35.040  3.8836e+02  0
2012 326 23 55 44.256  3.8307e+02  0
2012 327  1 55 54.336  3.7791e+02  0
2012 327  3 56  2.688  3.7285e+02  0
2012 327  5 56 11.904  3.7086e+02  0
2012 327  7 56 21.120  3.6911e+02  0
2012 327  9 56 30.336  3.6829e+02  0
2012 327 11 56 40.416  3.5658e+02  0
2012 327 13 56 48.768  3.6191e+02  0
2012 327 15 56 57.984  3.5195e+02  0
2012 327 17 57  7.200  3.5452e+02  0
2012 327 19 57 16.416  3.4845e+02  0
2012 327 21 57 24.768  3.3903e+02  0
2012 327 23 57 34.848  3.2878e+02  0
2012 328  1 57 44.064  3.2521e+02  0
2012 328  3 57 53.280  3.2059e+02  0
2012 328  5 58  1.632  3.2607e+02  0
2012 328  7 58 10.848  3.1866e+02  0
2012 328  9 58 20.928  3.1743e+02  0
2012 328 11 58 30.144  3.1976e+02  0
2012 328 13 58 39.360  3.1329e+02  0
2012 328 15 58 47.712  3.1305e+02  0
2012 328 17 58 56.928  3.1261e+02  0
2012 328 19 59  6.144  3.7842e+02  0
2012 328 21 59 16.224  3.9904e+02  0
2012 328 23 59 36.672  4.0707e+02  0
2012 329  1 59 45.888  3.9899e+02  0
2012 329  3 59 55.104  3.7747e+02  0
2012 329  6  0  4.320  3.8133e+02  0
2012 329  8  0 14.400  4.0353e+02  0
2012 329 10  0 22.752  4.1663e+02  0
2012 329 12  0 31.968  4.0238e+02  0
2012 329 14  0 41.184  3.9597e+02  0
2012 329 16  0 50.400  3.9006e+02  0
2012 329 18  0 58.752  4.0276e+02  0
2012 329 20  1  8.832  3.8269e+02  0
2012 329 22  1 18.048  3.6102e+02  0
2012 330  0  1 27.264  3.6756e+02  0
2012 330  2  1 35.616  3.6737e+02  0
2012 330  4  1 44.832  3.7989e+02  0
2012 330  6  1 54.048  3.8743e+02  0
2012 330  8  2  4.128  4.0061e+02  0
2012 330 10  2 13.344  4.2384e+02  0
2012 330 12  2 21.696  4.5844e+02  0
2012 330 14  2 30.912  4.6944e+02  0
2012 330 16  2 40.128  4.6670e+02  0
2012 330 18  2 50.208  4.6225e+02  0
2012 330 20  2 59.424  4.6345e+02  0
2012 330 22  3  7.776  4.6394e+02  0
2012 331  0  3 16.992  4.5998e+02  0
2012 331  2  3 26.208  4.5769e+02  0
2012 331  4  3 35.424  5.4181e+02  0
2012 331  6  3 44.640  5.4530e+02  0
2012 331  8  3 53.856  5.4092e+02  0
2012 331 10  4  3.072  5.2475e+02  0
2012 331 12  4 12.288  5.1042e+02  0
2012 331 14  4 20.640  4.9642e+02  0
2012 331 16  4 29.856  4.8958e+02  0
2012 331 18  4 39.936  4.7648e+02  0
2012 331 20  4 49.152  4.8480e+02  0
2012 331 22  4 58.368  4.8410e+02  0
2012 332  0  5  6.720  4.7724e+02  0
2012 332  2  5 15.936  4.6224e+02  0
2012 332  4  5 25.152  4.5533e+02  0
2012 332  6  5 35.232  4.4674e+02  0
2012 332  8  5 43.584  4.4414e+02  0
2012 332 10  5 52.800  4.4078e+02  0
2012 332 12  6  2.016  4.3747e+02  0
2012 332 14  6 11.232  4.4131e+02  0
2012 332 16  6 19.584  4.4366e+02  0
2012 332 18  6 29.664  4.2673e+02  0
2012 332 20  6 38.880  4.1579e+02  0
2012 332 22  6 48.096  4.1515e+02  0
2012 333  0  6 58.176  4.2055e+02  0
2012 333  2  7  7.392  4.1801e+02  0
2012 333  4  7 15.744  4.1208e+02  0
2012 333  6  7 25.824  4.0017e+02  0
2012 333  8  7 35.040  3.9213e+02  0
2012 333 10  7 45.120  3.9306e+02  0
2012 333 12  7 54.336  3.8631e+02  0
2012 333 14  8  4.416  3.7752e+02  0
2012 333 16  8 12.768  3.7791e+02  0
2012 333 18  8 22.848  3.8709e+02  0
2012 333 20  8 32.064  3.7182e+02  0
2012 333 22  8 42.144  3.7859e+02  0
2012 334  0  8 51.360  3.7338e+02  0
2012 334  2  9  0.576  3.6454e+02  0
2012 334  4  9  9.792  3.5219e+02  0
2012 334  6  9 19.008  3.5437e+02  0
2012 334  8  9 29.088  3.5017e+02  0
2012 334 10  9 38.304  3.4483e+02  0
2012 334 12  9 48.384  3.3968e+02  0
2012 334 14  9 56.736  3.5478e+02  0
2012 334 16 10  6.816  3.4743e+02  0
2012 334 18 10 16.032  3.4057e+02  0
2012 334 20 10 26.112  3.4223e+02  0
2012 334 22 10 35.328  3.3968e+02  0
2012 335  0 10 45.408  3.4570e+02  0
2012 335  2 10 53.760  3.3987e+02  0
2012 335  4 11  3.840  3.3976e+02  0
2012 335  6 11 13.056  3.4738e+02  0
2012 335  8 11 22.272  3.5363e+02  0
2012 335 10 11 32.352  3.5474e+02  0
2012 335 12 11 40.704  3.4938e+02  0
2012 335 14 11 50.784  3.4516e+02  0
2012 335 16 12  0.000  3.3629e+02  0
2012 335 18 12 10.080  3.3312e+02  0
2012 335 20 12 19.296  3.2964e+02  0
2012 335 22 12 29.376  3.1995e+02  0
2012 336  0 12 37.728  3.1716e+02  0
2012 336  2 12 46.944  3.2457e+02  0
2012 336  4 12 57.024  3.2143e+02  0
2012 336  6 13  6.240  3.0942e+02  0
2012 336  8 13 16.320  3.0932e+02  0
2012 336 10 13 24.672  3.0369e+02  0
2012 336 12 13 34.752  3.1278e+02  0
2012 336 14 13 43.968  3.2498e+02  0
2012 336 16 13 54.048  3.1599e+02  0
2012 336 18 14  3.264  3.1933e+02  0
2012 336 20 14 13.344  3.2505e+02  0
2012 336 22 14 21.696  3.2322e+02  0
2012 337  0 14 30.912  3.4067e+02  0
2012 337  2 14 40.992  3.4768e+02  0
2012 337  4 14 50.208  3.4399e+02  0
2012 337  6 15  0.288  3.3869e+02  0
2012 337  8 15  8.640  3.4211e+02  0
2012 337 10 15 18.720  3.3563e+02  0
2012 337 12 15 27.936  3.4091e+02  0
2012 337 14 15 38.016  3.2996e+02  0
2012 337 16 15 47.232  3.2824e+02  0
2012 337 18 15 55.584  3.2481e+02  0
2012 337 20 16  5.664  3.1346e+02  0
2012 337 22 16 14.880  3.1264e+02  0
2012 338  0 16 24.960  3.1228e+02  0
2012 338  2 16 34.176  3.1074e+02  0
2012 338  4 16 44.256  3.2372e+02  0
2012 338  6 16 52.608  3.3402e+02  0
2012 338  8 17  2.688  3.3350e+02  0
2012 338 10 17 11.904  3.3214e+02  0
2012 338 12 17 21.120  3.2167e+02  0
2012 338 14 17 31.200  3.2735e+02  0
2012 338 16 17 40.416  3.2652e+02  0
2012 338 18 17 49.632  3.5006e+02  0
2012 338 20 17 58.848  3.9287e+02  0
2012 338 22 18  8.928  3.8591e+02  0
2012 339  0 18 18.144  3.7632e+02  0
2012 339  2 18 28.224  3.9120e+02  0
2012 339  4 18 36.576  3.9989e+02  0
2012 339  6 18 45.792  4.1706e+02  0
2012 339  8 18 55.872  4.1649e+02  0
2012 339 10 19  5.088  4.4487e+02  0
2012 339 12 19 15.168  4.3797e+02  0
2012 339 14 19 24.384  4.3434e+02  0
2012 339 16 19 33.600  4.2575e+02  0
2012 339 18 19 42.816  4.1732e+02  0
2012 339 20 19 52.896  4.0812e+02  0
2012 339 22 20  2.976  4.0157e+02  0
2012 340  0 20 13.056  3.9587e+02  0
2012 340  2 20 22.272  3.8343e+02  0
2012 340  4 20 32.352  3.7416e+02  0
2012 340  6 20 42.432  3.6509e+02  0
2012 340  8 20 50.784  3.6638e+02  0
2012 340 10 21  0.864  3.5883e+02  0
2012 340 12 21 10.944  3.4897e+02  0
2012 340 14 21 20.160  3.5409e+02  0
2012 340 16 21 30.240  3.4176e+02  0
2012 340 18 21 40.320  3.3764e+02  0
2012 340 20 21 50.400  3.2987e+02  0
2012 340 22 21 58.752  3.3249e+02  0
2012 341  0 22  8.832  3.3852e+02  0
2012 341  2 22 18.912  3.3173e+02  0
2012 341  4 22 28.128  3.3451e+02  0
2012 341  6 22 38.208  3.3035e+02  0
2012 341  8 22 48.288  3.2135e+02  0
2012 341 10 22 56.640  3.2511e+02  0
2012 341 12 23  6.720  3.1278e+02  0
2012 341 14 23 16.800  3.0798e+02  0
2012 341 16 23 26.016  3.0562e+02  0
2012 341 18 23 36.096  3.0776e+02  0
2012 341 20 23 46.176  3.0337e+02  0
2012 341 22 23 56.256  2.9379e+02  0
2012 342  0 24  4.608  2.9185e+02  0
2012 342  2 24 14.688  2.9207e+02  0
2012 342  4 24 24.768  3.0068e+02  0
2012 342  6 24 33.984  2.9593e+02  0
2012 342  8 24 44.064  2.9396e+02  0
2012 342 10 24 54.144  2.8912e+02  0
2012 342 12 25  3.360  2.8958e+02  0
2012 342 14 25 12.576  2.8916e+02  0
2012 342 16 25 21.792  2.8593e+02  0
2012 342 18 25 31.008  2.8477e+02  0
2012 342 20 25 41.088  2.8271e+02  0
2012 342 22 25 51.168  2.8550e+02  0
2012 343  0 26  0.384  2.8550e+02  0
2012 343  2 26  9.600  2.8137e+02  0
2012 343  4 26 19.680  2.7556e+02  0
2012 343  6 26 28.896  2.7577e+02  0
2012 343  8 26 38.976  2.7917e+02  0
2012 343 10 26 49.056  2.7738e+02  0
2012 343 12 26 59.136  2.7668e+02  0
2012 343 14 27  8.352  2.7821e+02  0
2012 343 16 27 18.432  2.7721e+02  0
2012 343 18 27 27.648  2.9145e+02  0
2012 343 20 27 36.864  2.9492e+02  0
2012 343 22 27 46.944  3.0373e+02  0
2012 344  0 27 57.024  3.0373e+02  0
2012 344  2 28  6.240  3.0603e+02  0
2012 344  4 28 16.320  3.1858e+02  0
2012 344  6 28 26.400  3.2412e+02  0
2012 344  8 28 34.752  3.2957e+02  0
2012 344 10 28 44.832  3.2082e+02  0
2012 344 12 28 54.912  3.2036e+02  0
2012 344 14 29  4.128  3.1721e+02  0
2012 344 16 29 14.208  3.2552e+02  0
2012 344 18 29 24.288  3.2699e+02  0
2012 344 20 29 34.368  3.2093e+02  0
2012 344 22 29 42.720  3.2544e+02  0
2012 345  0 29 52.800  3.2288e+02  0
2012 345  2 30  2.880  3.1725e+02  0
2012 345  4 30 12.096  3.1397e+02  0
2012 345  6 30 22.176  3.0534e+02  0
2012 345  8 30 32.256  3.0822e+02  0
2012 345 10 30 40.608  3.0204e+02  0
2012 345 12 30 50.688  2.9826e+02  0
2012 345 14 31  0.768  3.1444e+02  0
2012 345 16 31  9.984  3.1075e+02  0
2012 345 18 31 20.064  3.0394e+02  0
2012 345 20 31 30.144  3.0833e+02  0
2012 345 22 31 39.360  3.1147e+02  0
2012 346  0 31 48.576  3.0859e+02  0
2012 346  2 31 58.656  3.0521e+02  0
2012 346  4 32  7.872  3.0433e+02  0
2012 346  6 32 17.952  3.0140e+02  0
2012 346  8 32 28.032  3.0181e+02  0
2012 346 10 32 37.248  2.9834e+02  0
2012 346 12 32 47.328  2.9105e+02  0
2012 346 14 32 57.408  2.8805e+02  0
2012 346 16 33  5.760  2.9128e+02  0
2012 346 18 33 15.840  2.9384e+02  0
2012 346 20 33 25.920  2.9421e+02  0
2012 346 22 33 35.136  2.9752e+02  0
2012 347  0 33 45.216  3.0075e+02  0
2012 347  2 33 55.296  2.9005e+02  0
2012 347  4 34  5.376  2.8820e+02  0
2012 347  6 34 14.592  2.8839e+02  0
2012 347  8 34 23.808  2.8359e+02  0
2012 347 10 34 33.888  2.8416e+02  0
2012 347 12 34 43.968  2.8615e+02  0
2012 347 14 34 54.048  2.8871e+02  0
2012 347 16 35  4.128  2.9213e+02  0
2012 347 18 35 14.208  2.9166e+02  0
2012 347 20 35 24.288  2.8359e+02  0
2012 347 22 35 32.640  2.8751e+02  0
2012 348  0 35 42.720  2.9995e+02  0
2012 348  2 35 52.800  3.0119e+02  0
2012 348  4 36  2.880  2.9817e+02  0
2012 348  6 36 12.960  2.9479e+02  0
2012 348  8 36 23.040  2.9429e+02  0
2012 348 10 36 33.120  2.9321e+02  0
2012 348 12 36 43.200  2.9576e+02  0
2012 348 14 36 52.416  2.9174e+02  0
2012 348 16 37  1.632  2.9640e+02  0
2012 348 18 37 11.712  2.9536e+02  0
2012 348 20 37 20.928  2.8870e+02  0
2012 348 22 37 31.008  2.8696e+02  0
2012 349  0 37 41.088  2.9382e+02  0
2012 349  2 37 50.304  3.1861e+02  0
2012 349  4 38  0.384  3.2420e+02  0
2012 349  6 38  9.600  3.3170e+02  0
2012 349  8 38 19.680  3.3022e+02  0
2012 349 10 38 29.760  3.2742e+02  0
2012 349 12 38 38.976  3.2870e+02  0
2012 349 14 38 48.192  3.2123e+02  0
2012 349 16 38 58.272  3.2418e+02  0
2012 349 18 39  8.352  3.4415e+02  0
2012 349 20 39 16.704  3.4131e+02  0
2012 349 22 39 26.784  3.4311e+02  0
2012 350  0 39 36.864  3.3885e+02  0
2012 350  2 39 46.944  3.2417e+02  0
2012 350  4 39 57.024  3.3092e+02  0
2012 350  6 40  7.104  3.2408e+02  0
2012 350  8 40 17.184  3.4048e+02  0
2012 350 10 40 26.400  3.3197e+02  0
2012 350 12 40 35.616  3.5916e+02  0
2012 350 14 40 45.696  3.7372e+02  0
2012 350 16 40 55.776  4.0517e+02  0
2012 350 18 41  5.856  4.0270e+02  0
2012 350 20 41 15.936  3.9792e+02  0
2012 350 22 41 26.016  3.8774e+02  0
2012 351  0 41 36.096  3.7946e+02  0
2012 351  2 41 46.176  3.9195e+02  0
2012 351  4 41 56.256  3.9388e+02  0
2012 351  6 42  4.608  3.9259e+02  0
2012 351  8 42 14.688  3.8840e+02  0
2012 351 10 42 24.768  3.8589e+02  0
2012 351 12 42 34.848  3.8993e+02  0
2012 351 14 42 44.928  3.9311e+02  0
2012 351 16 42 55.008  4.0610e+02  0
2012 351 18 43  5.088  4.3308e+02  0
2012 351 20 43 15.168  4.2500e+02  0
2012 351 22 43 25.248  4.3572e+02  0
2012 352  0 43 35.328  4.2235e+02  0
2012 352  2 43 43.680  4.2494e+02  0
2012 352  4 43 53.760  4.3080e+02  0
2012 352  6 44  2.976  4.5351e+02  0
2012 352  8 44 13.056  4.8077e+02  0
2012 352 10 44 23.136  4.8760e+02  0
2012 352 12 44 33.216  4.9644e+02  0
2012 352 14 44 43.296  5.1784e+02  0
2012 352 16 44 53.376  4.8741e+02  0
2012 352 18 45  2.592  4.6524e+02  0
2012 352 20 45 11.808  4.5190e+02  0
2012 352 22 45 21.888  4.6635e+02  0
2012 353  0 45 31.968  4.6970e+02  0
2012 353  2 45 42.048  4.8672e+02  0
2012 353  4 45 52.128  4.8685e+02  0
2012 353  6 46  2.208  4.9955e+02  0
2012 353  8 46 12.288  4.8872e+02  0
2012 353 10 46 22.368  4.6255e+02  0
2012 353 12 46 31.584  4.6696e+02  0
2012 353 14 46 40.800  4.8693e+02  0
2012 353 16 46 50.880  4.8472e+02  0
2012 353 18 47  1.824  4.7487e+02  0
2012 353 20 47 11.904  4.9548e+02  0
2012 353 22 47 21.984  4.9421e+02  0
2012 354  0 47 32.064  4.9540e+02  0
2012 354  2 47 41.280  4.9298e+02  0
2012 354  4 47 51.360  5.0373e+02  0
2012 354  6 48  0.576  4.9976e+02  0
2012 354  8 48  9.792  4.9456e+02  0
2012 354 10 48 19.872  4.7579e+02  0
2012 354 12 48 30.816  4.5831e+02  0
2012 354 14 48 40.896  4.5433e+02  0
2012 354 16 48 50.976  4.5196e+02  0
2012 354 18 49  1.056  4.4666e+02  0
2012 354 20 49 10.272  4.3676e+02  0
2012 354 22 49 18.624  4.2824e+02  0
2012 355  0 49 28.704  4.2752e+02  0
2012 355  2 49 38.784  4.2785e+02  0
2012 355  4 49 48.864  4.3835e+02  0
2012 355  6 49 58.944  4.5170e+02  0
2012 355  8 50  9.888  4.7209e+02  0
2012 355 10 50 19.968  4.7822e+02  0
2012 355 12 50 30.048  4.8835e+02  0
2012 355 14 50 40.128  4.9435e+02  0
2012 355 16 50 50.208  5.0371e+02  0
2012 355 18 50 59.424  5.0871e+02  0
2012 355 20 51  7.776  5.0450e+02  0
2012 355 22 51 16.992  5.0086e+02  0
2012 356  0 51 26.208  4.9673e+02  0
2012 356  2 51 35.424  4.9123e+02  0
2012 356  4 51 44.640  4.8328e+02  0
2012 356  6 51 54.720  4.7654e+02  0
2012 356  8 52  4.800  4.6999e+02  0
2012 356 10 52 15.744  4.6759e+02  0
2012 356 12 52 25.824  4.5944e+02  0
2012 356 14 52 35.904  4.5170e+02  0
2012 356 16 52 45.984  4.3824e+02  0
2012 356 18 52 56.064  4.2231e+02  0
2012 356 20 53  6.144  4.0807e+02  0
2012 356 22 53 16.224  4.0580e+02  0
2012 357  0 53 26.304  4.0464e+02  0
2012 357  2 53 34.656  4.0070e+02  0
2012 357  4 53 43.872  3.9484e+02  0
2012 357  6 53 53.952  3.9002e+02  0
2012 357  8 54  3.168  3.7415e+02  0
2012 357 10 54 14.112  3.7027e+02  0
2012 357 12 54 24.192  3.6540e+02  0
2012 357 14 54 34.272  3.5761e+02  0
2012 357 16 54 42.624  3.5150e+02  0
2012 357 18 54 50.976  3.3831e+02  0
2012 357 20 55  1.056  3.3637e+02  0
2012 357 22 55 10.272  3.3465e+02  0
2012 358  0 55 20.352  3.3150e+02  0
2012 358  2 55 29.568  3.3305e+02  0
2012 358  4 55 38.784  3.3010e+02  0
2012 358  6 55 48.000  3.2428e+02  0
2012 358  8 55 58.080  3.2401e+02  0
2012 358 10 56  4.704  3.2238e+02  0
2012 358 12 56 13.056  3.2347e+02  0
2012 358 14 56 22.272  3.2018e+02  0
2012 358 16 56 30.624  3.1805e+02  0
2012 358 18 56 40.704  3.2387e+02  0
2012 358 20 56 50.784  3.1804e+02  0
2012 358 22 57  0.000  3.1810e+02  0
2012 359  0 57 10.080  3.1413e+02  0
2012 359  2 57 20.160  3.2008e+02  0
2012 359  4 57 31.104  3.1890e+02  0
2012 359  6 57 41.184  3.2280e+02  0
2012 359  8 57 51.264  3.2833e+02  0
2012 359 10 58  1.344  3.2875e+02  0
2012 359 12 58  9.696  3.2191e+02  0
2012 359 14 58 18.912  3.2306e+02  0
2012 359 16 58 28.128  3.1699e+02  0
2012 359 18 58 38.208  3.1192e+02  0
2012 359 20 58 48.288  3.1479e+02  0
2012 359 22 58 56.640  3.1569e+02  0
2012 360  0 59  5.856  3.1017e+02  0
2012 360  2 59 15.936  3.2014e+02  0
2012 360  4 59 26.016  3.1582e+02  0
2012 360  6 59 36.096  3.1981e+02  0
2012 360  8 59 46.176  3.1973e+02  0
2012 360 10 59 57.120  3.1465e+02  0
2012 360 13  0  7.200  3.2875e+02  0
2012 360 15  0 16.416  3.2342e+02  0
2012 360 17  0 24.768  3.2361e+02  0
2012 360 19  0 34.848  3.2750e+02  0
2012 360 21  0 44.928  3.2868e+02  0
2012 360 23  0 55.008  3.1813e+02  0
2012 361  1  1  5.088  3.0708e+02  0
2012 361  3  1 15.168  2.9432e+02  0
2012 361  5  1 24.384  2.9718e+02  0
2012 361  7  1 32.736  3.0353e+02  0
2012 361  9  1 41.952  3.0385e+02  0
2012 361 11  1 52.032  3.0258e+02  0
2012 361 13  2  2.112  3.0423e+02  0
2012 361 15  2 12.192  3.0091e+02  0
2012 361 17  2 23.136  3.0413e+02  0
2012 361 19  2 33.216  3.0114e+02  0
2012 361 21  2 41.568  3.0587e+02  0
2012 361 23  2 50.784  3.0561e+02  0
2012 362  1  3  0.864  3.0545e+02  0
2012 362  3  3 10.944  3.0308e+02  0
2012 362  5  3 21.024  2.9838e+02  0
2012 362  7  3 31.104  2.9354e+02  0
2012 362  9  3 40.320  2.9111e+02  0
2012 362 11  3 50.400  2.9387e+02  0
2012 362 13  3 58.752  2.8809e+02  0
2012 362 15  4  7.968  2.8505e+02  0
2012 362 17  4 17.184  2.8594e+02  0
2012 362 19  4 27.264  2.8900e+02  0
2012 362 21  4 38.208  2.9124e+02  0
2012 362 23  4 47.424  2.8810e+02  0
2012 363  1  4 54.912  2.8491e+02  0
2012 363  3  5  2.400  2.8853e+02  0
2012 363  5  5 10.752  2.9192e+02  0
2012 363  7  5 20.832  2.8579e+02  0
2012 363  9  5 30.048  2.9237e+02  0
2012 363 11  5 40.128  2.9625e+02  0
2012 363 13  5 50.208  2.9280e+02  0
2012 363 15  6  1.152  2.8717e+02  0
2012 363 17  6 10.368  2.8978e+02  0
2012 363 19  6 17.856  2.9456e+02  0
2012 363 21  6 27.936  2.9524e+02  0
2012 363 23  6 38.016  2.9615e+02  0
2012 364  1  6 48.096  2.9462e+02  0
2012 364  3  6 57.312  3.1596e+02  0
2012 364  5  7  5.664  3.4137e+02  0
2012 364  7  7 16.608  3.4284e+02  0
2012 364  9  7 25.824  3.2314e+02  0
2012 364 11  7 34.176  3.1962e+02  0
2012 364 13  7 44.256  3.0840e+02  0
2012 364 15  7 55.200  2.9463e+02  0
2012 364 17  8  2.688  2.8322e+02  0
2012 364 19  8 12.768  2.8358e+02  0
2012 364 21  8 22.848  3.1225e+02  0
2012 364 23  8 33.792  3.1830e+02  0
2012 365  1  0  0.288 -9.9999e+03 -1
2012 365  3  0  0.000 -9.9999e+03 -1
2012 365  4 59 59.712 -9.9999e+03 -1
2012 365  7  0  0.288 -9.9999e+03 -1
2012 365  9  0  0.000 -9.9999e+03 -1
2012 365 10 59 59.712 -9.9999e+03 -1
2012 365 13  0  0.288 -9.9999e+03 -1
2012 365 15  0  0.000 -9.9999e+03 -1
2012 365 16 59 59.712 -9.9999e+03 -1
2012 365 19  0  0.288 -9.9999e+03 -1
2012 365 21  0  0.000 -9.9999e+03 -1
2012 365 22 59 59.712 -9.9999e+03 -1
2012 366  1  0  0.288 -9.9999e+03 -1
2012 366  3  0  0.000 -9.9999e+03 -1
2012 366  4 59 59.712 -9.9999e+03 -1
2012 366  7  0  0.288 -9.9999e+03 -1
2012 366  9  0  0.000 -9.9999e+03 -1
2012 366 10 59 59.712 -9.9999e+03 -1
2012 366 13  0  0.288 -9.9999e+03 -1
2012 366 15  0  0.000 -9.9999e+03 -1
2012 366 16 59 59.712 -9.9999e+03 -1
2012 366 19  0  0.288 -9.9999e+03 -1
2012 366 22  0  0.288 -9.9999e+03 -1
